44.000000 49.000000 0.000000 1.066252 2.000000
25.000000 29.000000 0.000000 1.411956 3.000000
33.000000 18.000000 0.000000 1.211947 2.000000
41.000000 19.000000 0.000000 1.377227 3.000000
54.000000 31.000000 0.000000 1.349906 3.000000
25.000000 20.000000 0.000000 1.332696 3.000000
61.000000 23.000000 0.000000 1.032408 4.000000
69.000000 16.000000 0.000000 1.277785 3.000000
97.000000 49.000000 0.000000 1.020234 2.000000
82.000000 32.000000 0.000000 1.258162 3.000000
112.000000 0.000000 0.000000 1.027190 2.000000
96.000000 17.000000 0.000000 1.255262 3.000000
125.000000 49.000000 0.000000 1.030270 2.000000
110.000000 33.000000 0.000000 1.240816 3.000000
140.000000 0.000000 0.000000 1.031502 2.000000
124.000000 15.000000 0.000000 1.223525 3.000000
153.000000 49.000000 0.000000 1.032851 2.000000
138.000000 34.000000 0.000000 1.213930 3.000000
165.000000 0.000000 0.000000 1.033291 2.000000
152.000000 14.000000 0.000000 1.204013 3.000000
180.000000 49.000000 0.000000 1.034371 2.000000
166.000000 35.000000 0.000000 1.197896 3.000000
180.000000 13.000000 0.000000 1.191224 3.000000
194.000000 36.000000 0.000000 1.188984 3.000000
30.000000 24.000000 0.000000 0.307724 2.000000
31.000000 24.000000 0.000000 0.336603 3.000000
23.000000 23.000000 0.000000 0.000000 0.000000
31.000000 22.000000 0.000000 0.192666 1.000000
34.000000 22.000000 0.000000 0.074493 0.000000
33.000000 25.000000 0.000000 0.083468 0.000000
33.000000 24.000000 0.000000 0.187473 1.000000
34.000000 24.000000 0.000000 0.160222 0.000000
43.000000 27.000000 0.000000 0.401200 0.000000
39.000000 23.000000 0.000000 0.620513 1.000000
55.000000 21.000000 0.000000 0.640615 0.000000
49.000000 25.000000 0.000000 0.982157 1.000000
82.000000 22.000000 0.000000 0.690634 0.000000
89.000000 24.000000 0.000000 0.968139 1.000000
96.000000 27.000000 0.000000 0.690944 0.000000
104.000000 25.000000 0.000000 0.949763 1.000000
68.000000 27.000000 0.000000 0.699336 0.000000
75.000000 25.000000 0.000000 1.001513 1.000000
110.000000 22.000000 0.000000 0.705555 0.000000
117.000000 24.000000 0.000000 0.939715 1.000000
124.000000 27.000000 0.000000 0.730406 0.000000
131.000000 25.000000 0.000000 0.932932 1.000000
138.000000 22.000000 0.000000 0.748754 0.000000
145.000000 24.000000 0.000000 0.923417 1.000000
152.000000 26.000000 0.000000 0.763202 0.000000
159.000000 25.000000 0.000000 0.914370 1.000000
166.000000 23.000000 0.000000 0.769903 0.000000
173.000000 24.000000 0.000000 0.902092 1.000000
180.000000 26.000000 0.000000 0.776315 0.000000
187.000000 25.000000 0.000000 0.892413 1.000000
194.000000 23.000000 0.000000 0.778272 0.000000
56.000000 0.000000 0.000000 1.025829 2.000000
34.000000 23.000000 0.000000 0.236406 1.000000
84.000000 0.000000 0.000000 1.013870 2.000000
69.000000 49.000000 0.000000 1.012810 2.000000
