37.000000 6.000000 0.000000 1.098050 2.000000
25.000000 20.000000 0.000000 1.410201 3.000000
50.000000 49.000000 0.000000 1.040292 2.000000
35.000000 30.000000 0.000000 1.403254 3.000000
47.000000 18.000000 0.000000 1.369442 3.000000
62.000000 32.000000 0.000000 1.313218 3.000000
106.000000 49.000000 0.000000 1.024430 2.000000
89.000000 32.000000 0.000000 1.259369 3.000000
91.000000 0.000000 0.000000 1.017731 2.000000
75.000000 18.000000 0.000000 1.250939 3.000000
119.000000 0.000000 0.000000 1.028590 2.000000
104.000000 17.000000 0.000000 1.243692 3.000000
134.000000 49.000000 0.000000 1.030843 2.000000
118.000000 33.000000 0.000000 1.230852 3.000000
146.000000 0.000000 0.000000 1.031600 2.000000
132.000000 15.000000 0.000000 1.216496 3.000000
159.000000 49.000000 0.000000 1.032880 2.000000
146.000000 35.000000 0.000000 1.206959 3.000000
172.000000 0.000000 0.000000 1.034242 2.000000
160.000000 14.000000 0.000000 1.199167 3.000000
187.000000 49.000000 0.000000 1.034130 2.000000
174.000000 36.000000 0.000000 1.193660 3.000000
188.000000 13.000000 0.000000 1.188662 3.000000
199.000000 36.000000 0.000000 1.166473 3.000000
23.000000 23.000000 0.000000 0.000000 0.000000
30.000000 24.000000 0.000000 0.124139 1.000000
30.000000 23.000000 0.000000 0.039621 0.000000
38.000000 23.000000 0.000000 0.137120 0.000000
38.000000 22.000000 0.000000 0.218402 1.000000
39.000000 22.000000 0.000000 0.166573 0.000000
49.000000 27.000000 0.000000 0.562726 0.000000
45.000000 22.000000 0.000000 0.867876 1.000000
90.000000 22.000000 0.000000 0.686943 0.000000
97.000000 25.000000 0.000000 0.953994 1.000000
62.000000 21.000000 0.000000 0.690039 0.000000
68.000000 24.000000 0.000000 1.016318 4.000000
104.000000 27.000000 0.000000 0.694711 0.000000
111.000000 25.000000 0.000000 0.943546 1.000000
76.000000 27.000000 0.000000 0.701449 0.000000
82.000000 24.000000 0.000000 0.983943 1.000000
118.000000 22.000000 0.000000 0.716092 0.000000
125.000000 24.000000 0.000000 0.936793 1.000000
132.000000 27.000000 0.000000 0.740601 0.000000
139.000000 25.000000 0.000000 0.928497 1.000000
146.000000 22.000000 0.000000 0.756396 0.000000
153.000000 25.000000 0.000000 0.917661 1.000000
160.000000 26.000000 0.000000 0.767985 0.000000
167.000000 25.000000 0.000000 0.908805 1.000000
174.000000 23.000000 0.000000 0.773188 0.000000
181.000000 25.000000 0.000000 0.894711 1.000000
188.000000 26.000000 0.000000 0.778725 0.000000
194.000000 24.000000 0.000000 0.885700 1.000000
199.000000 23.000000 0.000000 0.814396 0.000000
55.000000 25.000000 0.000000 1.030713 4.000000
35.000000 25.000000 0.000000 0.455678 1.000000
78.000000 49.000000 0.000000 1.012722 2.000000
