25.000000 19.000000 0.000000 1.323367 2.000000
35.000000 19.000000 0.000000 1.406851 3.000000
37.000000 37.000000 0.000000 1.107031 2.000000
25.000000 29.000000 0.000000 1.404978 3.000000
47.000000 31.000000 0.000000 1.349502 2.000000
46.000000 31.000000 0.000000 1.372260 3.000000
47.000000 30.000000 0.000000 1.367105 3.000000
25.000000 20.000000 0.000000 1.340521 3.000000
50.000000 0.000000 0.000000 1.044101 2.000000
61.000000 17.000000 0.000000 1.319885 3.000000
103.000000 0.000000 0.000000 1.023445 2.000000
88.000000 17.000000 0.000000 1.258924 3.000000
68.000000 25.000000 0.000000 1.021507 4.000000
74.000000 31.000000 0.000000 1.252789 3.000000
118.000000 49.000000 0.000000 1.028760 2.000000
103.000000 32.000000 0.000000 1.248301 3.000000
131.000000 0.000000 0.000000 1.030361 2.000000
117.000000 16.000000 0.000000 1.231916 3.000000
146.000000 49.000000 0.000000 1.032222 2.000000
131.000000 34.000000 0.000000 1.219049 3.000000
159.000000 0.000000 0.000000 1.032811 2.000000
145.000000 14.000000 0.000000 1.207157 3.000000
172.000000 49.000000 0.000000 1.033890 2.000000
159.000000 35.000000 0.000000 1.201525 3.000000
187.000000 0.000000 0.000000 1.034343 2.000000
173.000000 13.000000 0.000000 1.193303 3.000000
187.000000 36.000000 0.000000 1.190904 3.000000
199.000000 13.000000 0.000000 1.178778 3.000000
34.000000 27.000000 0.000000 0.539175 2.000000
34.000000 25.000000 0.000000 0.575417 3.000000
23.000000 23.000000 0.000000 0.000000 0.000000
28.000000 25.000000 0.000000 0.085502 1.000000
30.000000 26.000000 0.000000 0.038096 0.000000
38.000000 27.000000 0.000000 0.095984 0.000000
34.000000 23.000000 0.000000 0.415678 1.000000
48.000000 22.000000 0.000000 0.544780 0.000000
45.000000 27.000000 0.000000 0.839276 1.000000
61.000000 28.000000 0.000000 0.685525 0.000000
54.000000 23.000000 0.000000 1.019865 4.000000
89.000000 27.000000 0.000000 0.689229 0.000000
96.000000 25.000000 0.000000 0.959604 1.000000
103.000000 22.000000 0.000000 0.691619 0.000000
110.000000 24.000000 0.000000 0.944451 1.000000
75.000000 22.000000 0.000000 0.701678 0.000000
81.000000 24.000000 0.000000 0.982523 1.000000
117.000000 27.000000 0.000000 0.715299 0.000000
124.000000 25.000000 0.000000 0.937591 1.000000
131.000000 22.000000 0.000000 0.737793 0.000000
138.000000 24.000000 0.000000 0.929138 1.000000
145.000000 27.000000 0.000000 0.756591 0.000000
152.000000 25.000000 0.000000 0.920399 1.000000
159.000000 23.000000 0.000000 0.766163 0.000000
166.000000 25.000000 0.000000 0.907752 1.000000
173.000000 26.000000 0.000000 0.774305 0.000000
179.000000 24.000000 0.000000 0.898622 1.000000
187.000000 23.000000 0.000000 0.777165 0.000000
194.000000 25.000000 0.000000 0.883231 1.000000
199.000000 26.000000 0.000000 0.794250 0.000000
90.000000 49.000000 0.000000 1.016081 2.000000
75.000000 0.000000 0.000000 1.013034 2.000000
