38.000000 43.000000 0.000000 1.086600 2.000000
25.000000 29.000000 0.000000 1.425536 3.000000
29.000000 18.000000 0.000000 1.287139 2.000000
38.000000 19.000000 0.000000 1.392278 3.000000
50.000000 31.000000 0.000000 1.371293 3.000000
25.000000 19.000000 0.000000 1.302429 2.000000
25.000000 20.000000 0.000000 1.319080 3.000000
27.000000 19.000000 0.000000 1.318870 3.000000
50.000000 0.000000 0.000000 1.033559 2.000000
65.000000 17.000000 0.000000 1.295553 3.000000
109.000000 0.000000 0.000000 1.025571 2.000000
92.000000 17.000000 0.000000 1.258638 3.000000
94.000000 49.000000 0.000000 1.019601 2.000000
78.000000 31.000000 0.000000 1.257290 3.000000
122.000000 49.000000 0.000000 1.029490 2.000000
106.000000 33.000000 0.000000 1.244383 3.000000
134.000000 0.000000 0.000000 1.030803 2.000000
120.000000 16.000000 0.000000 1.227827 3.000000
149.000000 49.000000 0.000000 1.033310 2.000000
134.000000 34.000000 0.000000 1.216758 3.000000
162.000000 0.000000 0.000000 1.033790 2.000000
148.000000 14.000000 0.000000 1.205791 3.000000
175.000000 49.000000 0.000000 1.034731 2.000000
162.000000 35.000000 0.000000 1.199444 3.000000
190.000000 0.000000 0.000000 1.034591 2.000000
176.000000 13.000000 0.000000 1.191901 3.000000
190.000000 36.000000 0.000000 1.189527 3.000000
199.000000 13.000000 0.000000 1.111410 3.000000
23.000000 23.000000 0.000000 0.000000 0.000000
28.000000 22.000000 0.000000 0.087023 1.000000
31.000000 22.000000 0.000000 0.052376 0.000000
31.000000 25.000000 0.000000 0.100784 0.000000
30.000000 25.000000 0.000000 0.185593 1.000000
40.000000 26.000000 0.000000 0.253789 0.000000
37.000000 23.000000 0.000000 0.482408 1.000000
51.000000 22.000000 0.000000 0.601035 0.000000
47.000000 26.000000 0.000000 0.934963 1.000000
93.000000 27.000000 0.000000 0.690886 0.000000
100.000000 25.000000 0.000000 0.954241 1.000000
78.000000 22.000000 0.000000 0.696065 0.000000
85.000000 24.000000 0.000000 0.974149 1.000000
64.000000 27.000000 0.000000 0.697850 0.000000
71.000000 25.000000 0.000000 1.009706 1.000000
107.000000 22.000000 0.000000 0.698374 0.000000
114.000000 25.000000 0.000000 0.941648 1.000000
121.000000 27.000000 0.000000 0.724259 0.000000
128.000000 25.000000 0.000000 0.935495 1.000000
135.000000 22.000000 0.000000 0.745497 0.000000
141.000000 24.000000 0.000000 0.925063 1.000000
148.000000 27.000000 0.000000 0.762726 0.000000
156.000000 25.000000 0.000000 0.917497 1.000000
162.000000 23.000000 0.000000 0.770355 0.000000
169.000000 24.000000 0.000000 0.904318 1.000000
176.000000 26.000000 0.000000 0.776918 0.000000
184.000000 25.000000 0.000000 0.895606 1.000000
190.000000 23.000000 0.000000 0.779109 0.000000
58.000000 24.000000 0.000000 1.031800 4.000000
63.000000 49.000000 0.000000 1.015293 2.000000
78.000000 0.000000 0.000000 1.013558 2.000000
