25.000000 19.000000 0.000000 1.352439 2.000000
32.000000 19.000000 0.000000 1.405928 3.000000
25.000000 20.000000 0.000000 1.382495 3.000000
34.000000 34.000000 0.000000 1.152630 2.000000
43.000000 30.000000 0.000000 1.372554 3.000000
25.000000 29.000000 0.000000 1.363387 3.000000
44.000000 0.000000 0.000000 1.055417 2.000000
57.000000 17.000000 0.000000 1.340434 3.000000
63.000000 25.000000 0.000000 1.029014 4.000000
72.000000 33.000000 0.000000 1.265645 3.000000
100.000000 0.000000 0.000000 1.022833 2.000000
85.000000 17.000000 0.000000 1.258365 3.000000
115.000000 49.000000 0.000000 1.028090 2.000000
99.000000 32.000000 0.000000 1.255141 3.000000
128.000000 0.000000 0.000000 1.030140 2.000000
113.000000 16.000000 0.000000 1.237894 3.000000
141.000000 49.000000 0.000000 1.032080 2.000000
127.000000 34.000000 0.000000 1.222880 3.000000
155.000000 0.000000 0.000000 1.033370 2.000000
141.000000 15.000000 0.000000 1.210563 3.000000
168.000000 49.000000 0.000000 1.033950 2.000000
155.000000 35.000000 0.000000 1.203803 3.000000
181.000000 0.000000 0.000000 1.034701 2.000000
169.000000 14.000000 0.000000 1.194944 3.000000
183.000000 36.000000 0.000000 1.191910 3.000000
197.000000 13.000000 0.000000 1.187459 3.000000
32.000000 24.000000 0.000000 0.362483 2.000000
32.000000 25.000000 0.000000 0.446364 3.000000
23.000000 23.000000 0.000000 0.000000 0.000000
32.000000 27.000000 0.000000 0.324355 1.000000
35.000000 25.000000 0.000000 0.019880 0.000000
36.000000 26.000000 0.000000 0.153161 1.000000
36.000000 27.000000 0.000000 0.072021 0.000000
45.000000 22.000000 0.000000 0.471544 0.000000
41.000000 26.000000 0.000000 0.730883 1.000000
57.000000 28.000000 0.000000 0.660879 0.000000
51.000000 23.000000 0.000000 1.001211 1.000000
99.000000 22.000000 0.000000 0.688233 0.000000
106.000000 24.000000 0.000000 0.946670 1.000000
85.000000 26.000000 0.000000 0.689326 0.000000
91.000000 24.000000 0.000000 0.964576 1.000000
71.000000 22.000000 0.000000 0.699660 0.000000
78.000000 25.000000 0.000000 0.990434 1.000000
113.000000 27.000000 0.000000 0.708895 0.000000
120.000000 25.000000 0.000000 0.939534 1.000000
127.000000 22.000000 0.000000 0.732000 0.000000
134.000000 24.000000 0.000000 0.931705 1.000000
141.000000 27.000000 0.000000 0.752201 0.000000
148.000000 25.000000 0.000000 0.923188 1.000000
155.000000 23.000000 0.000000 0.763622 0.000000
162.000000 24.000000 0.000000 0.911436 1.000000
169.000000 26.000000 0.000000 0.772403 0.000000
176.000000 24.000000 0.000000 0.901400 1.000000
183.000000 23.000000 0.000000 0.775979 0.000000
190.000000 25.000000 0.000000 0.887467 1.000000
197.000000 26.000000 0.000000 0.779584 0.000000
56.000000 49.000000 0.000000 1.020316 2.000000
87.000000 49.000000 0.000000 1.016170 2.000000
72.000000 0.000000 0.000000 1.011880 2.000000
