38.000000 6.000000 0.000000 1.091240 2.000000
25.000000 20.000000 0.000000 1.421092 3.000000
30.000000 31.000000 0.000000 1.307075 2.000000
37.000000 30.000000 0.000000 1.398389 3.000000
49.000000 18.000000 0.000000 1.373428 3.000000
27.000000 30.000000 0.000000 1.328296 3.000000
50.000000 49.000000 0.000000 1.035709 2.000000
64.000000 32.000000 0.000000 1.306124 3.000000
108.000000 49.000000 0.000000 1.025255 2.000000
91.000000 32.000000 0.000000 1.260671 3.000000
93.000000 0.000000 0.000000 1.019010 2.000000
77.000000 18.000000 0.000000 1.253856 3.000000
121.000000 0.000000 0.000000 1.028990 2.000000
105.000000 16.000000 0.000000 1.243460 3.000000
134.000000 49.000000 0.000000 1.030950 2.000000
119.000000 33.000000 0.000000 1.229531 3.000000
147.000000 0.000000 0.000000 1.032251 2.000000
133.000000 15.000000 0.000000 1.215931 3.000000
162.000000 49.000000 0.000000 1.034082 2.000000
147.000000 35.000000 0.000000 1.206633 3.000000
175.000000 0.000000 0.000000 1.034310 2.000000
161.000000 14.000000 0.000000 1.198008 3.000000
190.000000 49.000000 0.000000 1.035634 2.000000
176.000000 36.000000 0.000000 1.192963 3.000000
189.000000 13.000000 0.000000 1.188873 3.000000
199.000000 36.000000 0.000000 1.135223 3.000000
23.000000 23.000000 0.000000 0.000000 0.000000
30.000000 25.000000 0.000000 0.159003 1.000000
31.000000 24.000000 0.000000 0.117195 0.000000
39.000000 23.000000 0.000000 0.215218 0.000000
39.000000 22.000000 0.000000 0.283146 1.000000
40.000000 22.000000 0.000000 0.239042 0.000000
50.000000 27.000000 0.000000 0.590381 0.000000
46.000000 24.000000 0.000000 0.910875 1.000000
92.000000 22.000000 0.000000 0.688627 0.000000
99.000000 25.000000 0.000000 0.950159 1.000000
63.000000 22.000000 0.000000 0.694922 0.000000
70.000000 25.000000 0.000000 1.011308 1.000000
106.000000 27.000000 0.000000 0.697987 0.000000
113.000000 25.000000 0.000000 0.943293 1.000000
77.000000 27.000000 0.000000 0.698534 0.000000
84.000000 24.000000 0.000000 0.979843 1.000000
120.000000 22.000000 0.000000 0.720775 0.000000
127.000000 25.000000 0.000000 0.934510 1.000000
134.000000 27.000000 0.000000 0.745115 0.000000
141.000000 25.000000 0.000000 0.928193 1.000000
148.000000 22.000000 0.000000 0.760151 0.000000
154.000000 24.000000 0.000000 0.915208 1.000000
161.000000 26.000000 0.000000 0.770897 0.000000
169.000000 25.000000 0.000000 0.907851 1.000000
175.000000 23.000000 0.000000 0.775487 0.000000
182.000000 24.000000 0.000000 0.892953 1.000000
189.000000 26.000000 0.000000 0.779153 0.000000
196.000000 24.000000 0.000000 0.883949 1.000000
199.000000 23.000000 0.000000 0.851660 0.000000
57.000000 26.000000 0.000000 1.034889 4.000000
37.000000 26.000000 0.000000 0.512156 1.000000
63.000000 0.000000 0.000000 1.014400 2.000000
78.000000 49.000000 0.000000 1.012282 2.000000
