44.000000 49.000000 0.000000 1.052945 2.000000
33.000000 30.000000 0.000000 1.407367 3.000000
34.000000 13.000000 0.000000 1.140474 2.000000
25.000000 20.000000 0.000000 1.372203 3.000000
44.000000 19.000000 0.000000 1.368080 3.000000
58.000000 32.000000 0.000000 1.335738 3.000000
65.000000 24.000000 0.000000 1.025974 4.000000
73.000000 16.000000 0.000000 1.260229 3.000000
103.000000 49.000000 0.000000 1.023690 2.000000
86.000000 32.000000 0.000000 1.259845 3.000000
115.000000 0.000000 0.000000 1.028011 2.000000
100.000000 17.000000 0.000000 1.250878 3.000000
128.000000 49.000000 0.000000 1.030472 2.000000
114.000000 33.000000 0.000000 1.236649 3.000000
143.000000 0.000000 0.000000 1.031940 2.000000
128.000000 15.000000 0.000000 1.220520 3.000000
156.000000 49.000000 0.000000 1.033160 2.000000
142.000000 34.000000 0.000000 1.210380 3.000000
169.000000 0.000000 0.000000 1.033750 2.000000
156.000000 14.000000 0.000000 1.201763 3.000000
184.000000 49.000000 0.000000 1.034021 2.000000
170.000000 35.000000 0.000000 1.195883 3.000000
184.000000 13.000000 0.000000 1.190180 3.000000
198.000000 36.000000 0.000000 1.188105 3.000000
33.000000 24.000000 0.000000 0.462055 2.000000
33.000000 23.000000 0.000000 0.485457 3.000000
32.000000 24.000000 0.000000 0.477720 3.000000
23.000000 23.000000 0.000000 0.000000 0.000000
33.000000 22.000000 0.000000 0.379700 1.000000
36.000000 23.000000 0.000000 0.087016 0.000000
36.000000 24.000000 0.000000 0.147576 1.000000
35.000000 24.000000 0.000000 0.128845 0.000000
46.000000 27.000000 0.000000 0.497470 0.000000
42.000000 22.000000 0.000000 0.745262 1.000000
58.000000 21.000000 0.000000 0.666592 0.000000
52.000000 25.000000 0.000000 1.013162 1.000000
86.000000 22.000000 0.000000 0.688070 0.000000
93.000000 25.000000 0.000000 0.960669 1.000000
100.000000 27.000000 0.000000 0.691971 0.000000
108.000000 25.000000 0.000000 0.945868 1.000000
72.000000 27.000000 0.000000 0.701022 0.000000
79.000000 25.000000 0.000000 0.993345 1.000000
114.000000 22.000000 0.000000 0.710202 0.000000
121.000000 24.000000 0.000000 0.938963 1.000000
128.000000 27.000000 0.000000 0.735083 0.000000
135.000000 25.000000 0.000000 0.931168 1.000000
142.000000 22.000000 0.000000 0.752177 0.000000
149.000000 24.000000 0.000000 0.921009 1.000000
156.000000 26.000000 0.000000 0.765191 0.000000
163.000000 25.000000 0.000000 0.911850 1.000000
170.000000 23.000000 0.000000 0.771171 0.000000
177.000000 24.000000 0.000000 0.899168 1.000000
184.000000 26.000000 0.000000 0.777162 0.000000
191.000000 24.000000 0.000000 0.888482 1.000000
198.000000 23.000000 0.000000 0.778585 0.000000
56.000000 0.000000 0.000000 1.020342 2.000000
33.000000 26.000000 0.000000 0.399496 2.000000
87.000000 0.000000 0.000000 1.016711 2.000000
72.000000 49.000000 0.000000 1.011412 2.000000
