26.000000 20.000000 0.000000 1.376561 2.000000
25.000000 20.000000 0.000000 1.421735 3.000000
28.000000 19.000000 0.000000 1.393437 3.000000
31.000000 31.000000 0.000000 1.276655 2.000000
39.000000 30.000000 0.000000 1.387741 3.000000
38.000000 6.000000 0.000000 1.082137 2.000000
51.000000 18.000000 0.000000 1.364234 3.000000
25.000000 29.000000 0.000000 1.322133 3.000000
58.000000 25.000000 0.000000 1.036900 4.000000
66.000000 33.000000 0.000000 1.291011 3.000000
109.000000 49.000000 0.000000 1.025610 2.000000
93.000000 32.000000 0.000000 1.258507 3.000000
95.000000 0.000000 0.000000 1.020705 2.000000
79.000000 18.000000 0.000000 1.254702 3.000000
122.000000 0.000000 0.000000 1.029401 2.000000
107.000000 16.000000 0.000000 1.241027 3.000000
137.000000 49.000000 0.000000 1.031491 2.000000
121.000000 33.000000 0.000000 1.226551 3.000000
150.000000 0.000000 0.000000 1.032770 2.000000
135.000000 15.000000 0.000000 1.214171 3.000000
162.000000 49.000000 0.000000 1.033761 2.000000
149.000000 35.000000 0.000000 1.205635 3.000000
177.000000 0.000000 0.000000 1.034200 2.000000
163.000000 14.000000 0.000000 1.197307 3.000000
190.000000 49.000000 0.000000 1.034981 2.000000
177.000000 36.000000 0.000000 1.192424 3.000000
191.000000 13.000000 0.000000 1.187670 3.000000
199.000000 36.000000 0.000000 1.084784 3.000000
23.000000 23.000000 0.000000 0.000000 0.000000
29.000000 27.000000 0.000000 0.095848 1.000000
32.000000 27.000000 0.000000 0.038820 0.000000
32.000000 24.000000 0.000000 0.045326 0.000000
32.000000 25.000000 0.000000 0.221919 1.000000
41.000000 22.000000 0.000000 0.310601 0.000000
39.000000 24.000000 0.000000 0.459128 1.000000
39.000000 25.000000 0.000000 0.434283 0.000000
52.000000 27.000000 0.000000 0.613139 0.000000
47.000000 23.000000 0.000000 0.947287 1.000000
94.000000 22.000000 0.000000 0.688630 0.000000
101.000000 25.000000 0.000000 0.948305 1.000000
79.000000 27.000000 0.000000 0.697470 0.000000
86.000000 24.000000 0.000000 0.975484 1.000000
65.000000 22.000000 0.000000 0.698930 0.000000
72.000000 25.000000 0.000000 1.006364 1.000000
108.000000 27.000000 0.000000 0.701599 0.000000
115.000000 25.000000 0.000000 0.942105 1.000000
122.000000 22.000000 0.000000 0.724884 0.000000
129.000000 25.000000 0.000000 0.933633 1.000000
136.000000 27.000000 0.000000 0.748077 0.000000
143.000000 25.000000 0.000000 0.926083 1.000000
150.000000 22.000000 0.000000 0.762186 0.000000
156.000000 24.000000 0.000000 0.914140 1.000000
163.000000 26.000000 0.000000 0.771585 0.000000
171.000000 25.000000 0.000000 0.905547 1.000000
177.000000 23.000000 0.000000 0.775893 0.000000
184.000000 24.000000 0.000000 0.891666 1.000000
191.000000 26.000000 0.000000 0.780171 0.000000
50.000000 49.000000 0.000000 1.033328 2.000000
38.000000 25.000000 0.000000 0.522515 1.000000
68.000000 0.000000 0.000000 1.015961 2.000000
81.000000 49.000000 0.000000 1.013910 2.000000
