25.000000 19.000000 0.000000 1.369421 2.000000
25.000000 20.000000 0.000000 1.415935 3.000000
28.000000 19.000000 0.000000 1.397025 3.000000
33.000000 31.000000 0.000000 1.241936 2.000000
40.000000 30.000000 0.000000 1.382587 3.000000
43.000000 0.000000 0.000000 1.071577 2.000000
53.000000 18.000000 0.000000 1.359834 3.000000
25.000000 29.000000 0.000000 1.328319 3.000000
60.000000 25.000000 0.000000 1.033508 4.000000
68.000000 33.000000 0.000000 1.283401 3.000000
112.000000 49.000000 0.000000 1.026752 2.000000
95.000000 32.000000 0.000000 1.258655 3.000000
97.000000 0.000000 0.000000 1.019302 2.000000
81.000000 18.000000 0.000000 1.256374 3.000000
124.000000 0.000000 0.000000 1.029660 2.000000
109.000000 16.000000 0.000000 1.241030 3.000000
137.000000 49.000000 0.000000 1.031811 2.000000
123.000000 33.000000 0.000000 1.225705 3.000000
152.000000 0.000000 0.000000 1.032651 2.000000
137.000000 15.000000 0.000000 1.213502 3.000000
165.000000 49.000000 0.000000 1.033350 2.000000
151.000000 35.000000 0.000000 1.205365 3.000000
178.000000 0.000000 0.000000 1.034000 2.000000
165.000000 14.000000 0.000000 1.196454 3.000000
179.000000 36.000000 0.000000 1.192248 3.000000
193.000000 13.000000 0.000000 1.187943 3.000000
23.000000 23.000000 0.000000 0.000000 0.000000
30.000000 27.000000 0.000000 0.142752 1.000000
33.000000 27.000000 0.000000 0.045709 0.000000
33.000000 24.000000 0.000000 0.099191 0.000000
33.000000 26.000000 0.000000 0.246249 1.000000
42.000000 22.000000 0.000000 0.369451 0.000000
41.000000 25.000000 0.000000 0.517967 1.000000
40.000000 25.000000 0.000000 0.503009 0.000000
39.000000 26.000000 0.000000 0.560970 0.000000
38.000000 26.000000 0.000000 0.581540 1.000000
54.000000 28.000000 0.000000 0.630255 0.000000
48.000000 23.000000 0.000000 0.964750 1.000000
95.000000 22.000000 0.000000 0.687954 0.000000
102.000000 24.000000 0.000000 0.947457 1.000000
81.000000 27.000000 0.000000 0.692405 0.000000
88.000000 25.000000 0.000000 0.971178 1.000000
67.000000 22.000000 0.000000 0.696094 0.000000
74.000000 25.000000 0.000000 0.999599 1.000000
109.000000 27.000000 0.000000 0.704724 0.000000
117.000000 25.000000 0.000000 0.940554 1.000000
123.000000 22.000000 0.000000 0.727509 0.000000
130.000000 24.000000 0.000000 0.932904 1.000000
137.000000 27.000000 0.000000 0.748841 0.000000
144.000000 25.000000 0.000000 0.924997 1.000000
151.000000 23.000000 0.000000 0.761894 0.000000
158.000000 24.000000 0.000000 0.913479 1.000000
165.000000 26.000000 0.000000 0.771015 0.000000
172.000000 25.000000 0.000000 0.904353 1.000000
179.000000 23.000000 0.000000 0.775011 0.000000
186.000000 24.000000 0.000000 0.890320 1.000000
193.000000 26.000000 0.000000 0.778660 0.000000
56.000000 49.000000 0.000000 1.030217 2.000000
40.000000 26.000000 0.000000 0.602715 1.000000
84.000000 49.000000 0.000000 1.013703 2.000000
69.000000 0.000000 0.000000 1.014080 2.000000
