25.000000 19.000000 0.000000 1.361591 2.000000
31.000000 19.000000 0.000000 1.401479 3.000000
25.000000 20.000000 0.000000 1.399292 3.000000
33.000000 32.000000 0.000000 1.189304 2.000000
42.000000 30.000000 0.000000 1.376672 3.000000
25.000000 29.000000 0.000000 1.344613 3.000000
44.000000 0.000000 0.000000 1.061176 2.000000
55.000000 17.000000 0.000000 1.339951 3.000000
62.000000 26.000000 0.000000 1.031750 4.000000
70.000000 33.000000 0.000000 1.272782 3.000000
99.000000 0.000000 0.000000 1.022230 2.000000
83.000000 17.000000 0.000000 1.256296 3.000000
113.000000 49.000000 0.000000 1.027492 2.000000
97.000000 32.000000 0.000000 1.255143 3.000000
125.000000 0.000000 0.000000 1.030353 2.000000
111.000000 16.000000 0.000000 1.237841 3.000000
140.000000 49.000000 0.000000 1.031630 2.000000
125.000000 34.000000 0.000000 1.222691 3.000000
153.000000 0.000000 0.000000 1.032380 2.000000
139.000000 15.000000 0.000000 1.211160 3.000000
166.000000 49.000000 0.000000 1.033940 2.000000
153.000000 35.000000 0.000000 1.203784 3.000000
181.000000 0.000000 0.000000 1.033681 2.000000
167.000000 14.000000 0.000000 1.195380 3.000000
181.000000 36.000000 0.000000 1.191590 3.000000
195.000000 13.000000 0.000000 1.186720 3.000000
31.000000 24.000000 0.000000 0.331913 2.000000
31.000000 25.000000 0.000000 0.373054 3.000000
23.000000 23.000000 0.000000 0.000000 0.000000
32.000000 27.000000 0.000000 0.243110 1.000000
34.000000 25.000000 0.000000 0.099978 0.000000
35.000000 26.000000 0.000000 0.214316 1.000000
35.000000 27.000000 0.000000 0.100047 0.000000
43.000000 23.000000 0.000000 0.439929 0.000000
43.000000 22.000000 0.000000 0.460638 1.000000
44.000000 22.000000 0.000000 0.441020 0.000000
56.000000 28.000000 0.000000 0.651245 0.000000
50.000000 24.000000 0.000000 0.989358 1.000000
97.000000 22.000000 0.000000 0.690526 0.000000
104.000000 24.000000 0.000000 0.945227 1.000000
83.000000 27.000000 0.000000 0.691705 0.000000
90.000000 24.000000 0.000000 0.966466 1.000000
69.000000 22.000000 0.000000 0.698580 0.000000
76.000000 25.000000 0.000000 0.996055 1.000000
111.000000 27.000000 0.000000 0.709365 0.000000
119.000000 25.000000 0.000000 0.939963 1.000000
125.000000 22.000000 0.000000 0.731518 0.000000
132.000000 24.000000 0.000000 0.931928 1.000000
139.000000 27.000000 0.000000 0.751459 0.000000
146.000000 25.000000 0.000000 0.922798 1.000000
153.000000 23.000000 0.000000 0.763343 0.000000
160.000000 24.000000 0.000000 0.911958 1.000000
167.000000 26.000000 0.000000 0.771554 0.000000
174.000000 25.000000 0.000000 0.902239 1.000000
181.000000 23.000000 0.000000 0.775424 0.000000
188.000000 24.000000 0.000000 0.889068 1.000000
195.000000 26.000000 0.000000 0.779734 0.000000
56.000000 49.000000 0.000000 1.022943 2.000000
40.000000 27.000000 0.000000 0.673586 1.000000
84.000000 49.000000 0.000000 1.013861 2.000000
71.000000 0.000000 0.000000 1.012462 2.000000
