0.468750 1.093750 0.750000 0.600535 2.000000
0.468750 1.140620 0.703125 0.660558 3.000000
0.468750 1.093750 0.765625 0.652979 3.000000
0.468750 1.109380 0.859375 0.585671 2.000000
0.453125 1.109380 0.890625 0.618026 3.000000
0.484375 1.093750 0.843750 0.611893 3.000000
0.468750 0.984375 0.796875 0.549774 2.000000
0.468750 0.968750 0.796875 0.573105 3.000000
0.484375 0.875000 0.234375 0.388653 2.000000
0.484375 1.015620 0.000000 0.516856 3.000000
0.468750 0.953125 0.578125 0.444107 2.000000
0.484375 0.906250 0.578125 0.502886 3.000000
0.468750 0.921875 0.359375 0.416924 2.000000
0.468750 0.890625 0.343750 0.447384 3.000000
0.468750 0.921875 0.015625 0.386655 2.000000
0.468750 0.859375 0.000000 0.427368 3.000000
0.468750 0.578125 0.734375 0.190572 2.000000
0.421875 0.531250 0.718750 0.273268 3.000000
0.484375 0.578125 0.750000 0.190062 2.000000
0.531250 0.531250 0.750000 0.271596 3.000000
0.531250 0.531250 0.234375 0.189993 2.000000
0.531250 0.531250 0.000000 0.234327 3.000000
0.421875 0.531250 0.203125 0.189935 2.000000
0.421875 0.531250 0.000000 0.232953 3.000000
0.468750 0.453125 0.000000 0.000000 0.000000
0.296875 0.031250 0.359375 0.049908 1.000000
0.718750 1.046880 0.781250 0.000338 0.000000
0.609375 1.046880 0.671875 0.038055 1.000000
0.234375 1.046880 0.703125 0.001377 0.000000
0.375000 1.125000 0.937500 0.034698 1.000000
0.406250 0.859375 0.250000 0.005005 0.000000
0.390625 0.859375 0.265625 0.069058 1.000000
0.359375 1.078120 0.843750 0.006670 0.000000
0.312500 1.093750 0.843750 0.036733 1.000000
0.390625 1.140620 0.937500 0.011556 0.000000
0.609375 1.078120 0.625000 0.016314 0.000000
0.546875 0.859375 0.218750 0.021468 0.000000
0.578125 0.859375 0.234375 0.060897 1.000000
0.578125 1.046880 0.890625 0.037446 0.000000
0.609375 1.046880 0.937500 0.067719 1.000000
0.484375 1.171880 0.812500 0.545778 2.000000
0.453125 1.187500 0.203125 0.041621 1.000000
