0.468750 1.343750 0.718750 0.645623 2.000000
0.468750 1.390620 0.750000 0.688715 3.000000
0.468750 1.359380 0.703125 0.686489 3.000000
0.453125 1.140620 0.906250 0.504194 2.000000
0.484375 1.156250 0.937500 0.631854 3.000000
0.484375 1.203120 0.812500 0.597753 2.000000
0.484375 1.187500 0.812500 0.620259 3.000000
0.468750 1.203120 0.671875 0.591886 2.000000
0.468750 1.171880 0.671875 0.613562 3.000000
0.484375 0.953125 0.781250 0.529405 2.000000
0.468750 1.000000 0.765625 0.602352 3.000000
0.453125 1.359380 0.828125 0.517391 2.000000
0.437500 1.343750 0.812500 0.571309 3.000000
0.468750 0.953125 0.796875 0.571306 3.000000
0.500000 1.187500 0.562500 0.541220 2.000000
0.484375 1.156250 0.562500 0.568402 3.000000
0.515625 1.234380 0.578125 0.566190 3.000000
0.468750 0.875000 0.750000 0.526299 2.000000
0.484375 1.031250 0.718750 0.560704 3.000000
0.468750 1.078120 0.859375 0.508372 2.000000
0.468750 1.062500 0.875000 0.554722 3.000000
0.437500 1.312500 0.843750 0.510354 2.000000
0.468750 1.312500 0.875000 0.542435 3.000000
0.453125 1.109380 0.875000 0.534802 3.000000
0.515625 1.125000 0.515625 0.459738 2.000000
0.453125 1.125000 0.468750 0.534385 3.000000
0.453125 1.015620 0.093750 0.416104 2.000000
0.453125 1.062500 0.062500 0.529132 3.000000
0.468750 0.890625 0.609375 0.488518 2.000000
0.484375 0.921875 0.593750 0.522662 3.000000
0.468750 1.125000 0.625000 0.486854 2.000000
0.484375 1.093750 0.625000 0.510916 3.000000
0.484375 0.953125 0.562500 0.474208 2.000000
0.484375 0.937500 0.546875 0.501967 3.000000
0.453125 1.046880 0.406250 0.430004 2.000000
0.484375 1.031250 0.390625 0.494519 3.000000
0.468750 0.984375 0.515625 0.449911 2.000000
0.468750 0.921875 0.515625 0.473161 3.000000
0.468750 0.984375 0.046875 0.405011 2.000000
0.468750 0.953125 0.015625 0.469782 3.000000
0.484375 1.000000 0.140625 0.459764 3.000000
0.468750 0.968750 0.312500 0.408154 2.000000
0.468750 1.000000 0.328125 0.449112 3.000000
0.468750 0.968750 0.203125 0.431403 3.000000
0.468750 0.921875 0.390625 0.374489 2.000000
0.468750 0.890625 0.390625 0.398910 3.000000
0.421875 1.093750 0.984375 0.272577 2.000000
0.406250 1.125000 0.984375 0.332013 3.000000
0.484375 0.578125 0.750000 0.189555 2.000000
0.531250 0.531250 0.734375 0.272431 3.000000
0.468750 0.578125 0.734375 0.191289 2.000000
0.421875 0.531250 0.765625 0.272213 3.000000
0.421875 0.531250 0.265625 0.189787 2.000000
0.421875 0.531250 0.000000 0.234883 3.000000
0.531250 0.531250 0.234375 0.189294 2.000000
0.531250 0.531250 0.000000 0.233712 3.000000
0.468750 0.453125 0.000000 0.000000 0.000000
0.656250 0.078125 0.312500 0.049896 1.000000
0.265625 1.250000 0.593750 0.000603 0.000000
0.609375 1.250000 0.984375 0.030308 1.000000
0.625000 1.171880 0.687500 0.004168 0.000000
0.640625 1.187500 0.671875 0.032260 1.000000
0.531250 1.281250 0.984375 0.005515 0.000000
0.453125 1.312500 0.953125 0.019586 0.000000
0.453125 1.312500 0.968750 0.053419 1.000000
0.562500 0.953125 0.234375 0.033828 0.000000
0.593750 0.953125 0.234375 0.078551 1.000000
0.484375 1.328120 0.937500 0.034608 0.000000
0.500000 1.328120 0.953125 0.067432 1.000000
0.375000 1.125000 0.578125 0.036752 0.000000
0.328125 1.125000 0.546875 0.066907 1.000000
0.390625 0.953125 0.234375 0.043631 0.000000
0.359375 0.968750 0.171875 0.083737 1.000000
0.437500 1.156250 0.968750 0.091004 0.000000
0.453125 1.171880 0.968750 0.144000 1.000000
0.515625 1.140620 0.484375 0.092634 0.000000
0.531250 1.125000 0.468750 0.133694 1.000000
0.531250 1.125000 0.484375 0.094961 0.000000
0.562500 1.109380 0.515625 0.127567 1.000000
0.515625 1.093750 0.453125 0.095619 0.000000
0.531250 1.093750 0.468750 0.134521 1.000000
0.531250 1.062500 0.062500 0.100855 0.000000
0.562500 1.062500 0.000000 0.152558 1.000000
0.406250 1.015620 0.390625 0.112439 0.000000
0.390625 0.968750 0.390625 0.138892 1.000000
0.453125 1.187500 0.968750 0.113016 0.000000
0.562500 1.218750 0.609375 0.156421 0.000000
0.562500 1.187500 0.593750 0.178477 1.000000
0.453125 1.156250 0.000000 0.159524 0.000000
0.437500 1.187500 0.000000 0.203175 1.000000
0.546875 1.265620 0.828125 0.167088 0.000000
0.546875 1.250000 0.828125 0.196947 1.000000
0.375000 1.203120 0.718750 0.201731 0.000000
0.406250 1.171880 0.703125 0.224639 1.000000
0.468750 1.343750 0.796875 0.318517 0.000000
0.468750 1.406250 0.812500 0.355341 1.000000
0.453125 1.140620 0.609375 0.475690 2.000000
0.453125 1.125000 0.859375 0.502300 2.000000
0.484375 1.000000 0.359375 0.408055 2.000000
0.421875 1.140620 0.937500 0.157138 1.000000
0.468750 1.062500 0.781250 0.525612 2.000000
0.468750 0.984375 0.171875 0.399151 2.000000
