0.468750 1.203120 0.781250 0.618633 2.000000
0.468750 1.203120 0.796875 0.667218 3.000000
0.468750 1.328120 0.734375 0.613724 2.000000
0.468750 1.281250 0.687500 0.662032 3.000000
0.468750 1.218750 0.765625 0.650751 3.000000
0.500000 1.156250 0.906250 0.522780 2.000000
0.468750 1.109380 0.953125 0.584925 3.000000
0.500000 1.156250 0.562500 0.534720 2.000000
0.515625 1.171880 0.562500 0.566964 3.000000
0.484375 1.125000 0.578125 0.565013 3.000000
0.515625 1.187500 0.875000 0.564245 3.000000
0.468750 1.000000 0.875000 0.514404 2.000000
0.468750 0.968750 0.890625 0.535925 3.000000
0.468750 0.968750 0.093750 0.435654 2.000000
0.484375 1.046880 0.015625 0.529913 3.000000
0.468750 0.859375 0.578125 0.464888 2.000000
0.484375 0.921875 0.562500 0.522938 3.000000
0.468750 1.062500 0.468750 0.484734 2.000000
0.453125 1.031250 0.437500 0.521635 3.000000
0.484375 0.968750 0.640625 0.493403 2.000000
0.484375 0.921875 0.625000 0.515723 3.000000
0.484375 0.843750 0.609375 0.472453 2.000000
0.484375 0.875000 0.593750 0.498010 3.000000
0.484375 0.968750 0.093750 0.461449 3.000000
0.484375 0.890625 0.984375 0.418730 2.000000
0.484375 0.953125 0.984375 0.447178 3.000000
0.484375 0.921875 0.343750 0.414679 2.000000
0.468750 0.921875 0.328125 0.438992 3.000000
0.500000 0.953125 0.015625 0.397558 2.000000
0.484375 0.843750 0.000000 0.427015 3.000000
0.531250 0.531250 0.312500 0.189954 2.000000
0.531250 0.531250 0.734375 0.271691 3.000000
0.468750 0.578125 0.703125 0.188413 2.000000
0.421875 0.531250 0.718750 0.271604 3.000000
0.531250 0.531250 0.015625 0.236185 3.000000
0.421875 0.531250 0.218750 0.184350 2.000000
0.421875 0.531250 0.000000 0.234092 3.000000
0.468750 0.453125 0.000000 0.000000 0.000000
0.296875 0.062500 0.296875 0.049904 1.000000
0.296875 0.921875 0.234375 0.001197 0.000000
0.484375 1.234380 0.500000 0.030669 1.000000
0.703125 1.125000 0.578125 0.001375 0.000000
0.625000 1.078120 0.718750 0.006244 0.000000
0.656250 1.125000 0.843750 0.033108 1.000000
0.406250 0.953125 0.968750 0.012194 0.000000
0.359375 0.953125 0.968750 0.038673 1.000000
0.359375 1.187500 0.890625 0.012336 0.000000
0.359375 1.171880 0.875000 0.034900 1.000000
0.593750 1.156250 0.890625 0.016199 0.000000
0.609375 1.171880 0.875000 0.041520 1.000000
0.406250 1.265620 0.562500 0.023573 0.000000
0.390625 1.265620 0.562500 0.051339 1.000000
0.562500 0.906250 0.234375 0.042127 0.000000
0.578125 0.906250 0.234375 0.074044 1.000000
0.390625 0.906250 0.250000 0.043800 0.000000
0.375000 0.906250 0.187500 0.074891 1.000000
0.421875 1.187500 0.859375 0.201728 0.000000
0.406250 1.171880 0.859375 0.228436 1.000000
0.453125 1.156250 0.609375 0.490309 2.000000
0.484375 1.187500 0.859375 0.516355 2.000000
0.484375 0.906250 0.265625 0.401619 2.000000
0.484375 0.578125 0.718750 0.187217 2.000000
