0.468750 1.281250 0.781250 0.664120 2.000000
0.484375 1.312500 0.765625 0.688203 3.000000
0.453125 1.281250 0.812500 0.688088 3.000000
0.468750 1.312500 0.812500 0.648537 2.000000
0.468750 1.343750 0.812500 0.680284 3.000000
0.515625 1.296880 0.687500 0.599019 2.000000
0.500000 1.250000 0.703125 0.632187 3.000000
0.531250 1.359380 0.656250 0.628973 3.000000
0.484375 1.078120 0.718750 0.565043 2.000000
0.484375 1.015620 0.734375 0.606190 3.000000
0.531250 1.265620 0.921875 0.509089 2.000000
0.500000 1.187500 0.953125 0.582308 3.000000
0.468750 1.140620 0.671875 0.540040 2.000000
0.468750 1.109380 0.656250 0.581651 3.000000
0.484375 1.125000 0.828125 0.554058 2.000000
0.484375 1.109380 0.828125 0.577124 3.000000
0.500000 1.171880 0.515625 0.530514 2.000000
0.500000 1.203120 0.531250 0.572302 3.000000
0.484375 1.156250 0.484375 0.560243 3.000000
0.484375 1.109380 0.031250 0.465554 2.000000
0.500000 1.156250 0.000000 0.557184 3.000000
0.531250 1.296880 0.921875 0.554797 3.000000
0.468750 0.921875 0.593750 0.511067 2.000000
0.484375 0.968750 0.625000 0.538627 3.000000
0.468750 0.937500 0.578125 0.535531 3.000000
0.468750 1.062500 0.078125 0.528727 3.000000
0.468750 1.031250 0.375000 0.436056 2.000000
0.484375 1.015620 0.359375 0.467702 3.000000
0.484375 1.046880 0.000000 0.419400 2.000000
0.468750 0.937500 0.000000 0.465706 3.000000
0.500000 0.921875 0.546875 0.422407 2.000000
0.484375 0.937500 0.500000 0.463763 3.000000
0.484375 1.031250 0.109375 0.435688 2.000000
0.484375 1.000000 0.125000 0.463643 3.000000
0.468750 1.031250 0.562500 0.424532 2.000000
0.468750 1.062500 0.562500 0.450607 3.000000
0.484375 0.937500 0.390625 0.395676 2.000000
0.468750 0.937500 0.437500 0.444253 3.000000
0.468750 0.968750 0.281250 0.407988 2.000000
0.468750 0.968750 0.250000 0.430787 3.000000
0.484375 0.578125 0.781250 0.190258 2.000000
0.531250 0.531250 0.718750 0.272560 3.000000
0.468750 0.578125 0.734375 0.190247 2.000000
0.421875 0.531250 0.734375 0.272412 3.000000
0.421875 0.531250 0.281250 0.186540 2.000000
0.421875 0.531250 0.000000 0.232021 3.000000
0.531250 0.531250 0.250000 0.189016 2.000000
0.531250 0.531250 0.000000 0.232005 3.000000
0.468750 0.453125 0.000000 0.000000 0.000000
0.593750 0.109375 0.171875 0.049908 1.000000
0.218750 1.203120 0.640625 0.000284 0.000000
0.656250 1.171880 0.765625 0.033777 1.000000
0.640625 1.125000 0.781250 0.007901 0.000000
0.609375 1.203120 0.890625 0.009770 0.000000
0.656250 1.218750 0.875000 0.036525 1.000000
0.312500 1.109380 0.734375 0.010450 0.000000
0.296875 1.125000 0.703125 0.038971 1.000000
0.515625 1.281250 0.484375 0.013706 0.000000
0.453125 1.281250 0.484375 0.044709 1.000000
0.531250 0.906250 0.515625 0.015830 0.000000
0.609375 0.921875 0.484375 0.037754 1.000000
0.546875 1.015620 0.937500 0.017447 0.000000
0.578125 1.000000 0.953125 0.045381 1.000000
0.453125 0.937500 0.890625 0.029977 0.000000
0.437500 0.937500 0.906250 0.061209 1.000000
0.578125 1.156250 0.843750 0.032739 0.000000
0.578125 1.187500 0.859375 0.072682 1.000000
0.390625 0.953125 0.234375 0.038879 0.000000
0.359375 0.968750 0.281250 0.079177 1.000000
0.562500 0.953125 0.234375 0.042517 0.000000
0.593750 0.968750 0.234375 0.070579 1.000000
0.468750 1.406250 0.890625 0.052345 0.000000
0.468750 1.421880 0.890625 0.079091 1.000000
0.390625 1.234380 0.546875 0.076471 0.000000
0.390625 1.218750 0.546875 0.107383 1.000000
0.531250 1.296880 0.859375 0.106626 0.000000
0.546875 1.296880 0.843750 0.139757 1.000000
0.562500 1.187500 0.890625 0.153577 0.000000
0.562500 1.203120 0.890625 0.180665 1.000000
0.437500 1.156250 0.000000 0.162877 0.000000
0.437500 1.187500 0.000000 0.205128 1.000000
0.515625 1.296880 0.718750 0.593857 2.000000
0.484375 1.281250 0.640625 0.487061 2.000000
0.468750 1.328120 0.890625 0.506101 2.000000
0.484375 1.015620 0.625000 0.500360 2.000000
0.484375 0.953125 0.187500 0.399283 2.000000
