0.468750 1.265620 0.734375 0.625195 2.000000
0.468750 1.265620 0.703125 0.666936 3.000000
0.468750 1.156250 0.781250 0.607732 2.000000
0.468750 1.171880 0.796875 0.654337 3.000000
0.468750 1.187500 0.765625 0.653659 3.000000
0.500000 1.109380 0.921875 0.530634 2.000000
0.468750 1.093750 0.953125 0.590476 3.000000
0.500000 1.171880 0.890625 0.538317 2.000000
0.500000 1.156250 0.875000 0.565462 3.000000
0.500000 1.156250 0.906250 0.562777 3.000000
0.453125 1.109380 0.593750 0.506643 2.000000
0.515625 1.156250 0.562500 0.560672 3.000000
0.468750 0.890625 0.234375 0.395888 2.000000
0.484375 1.031250 0.031250 0.528940 3.000000
0.484375 1.031250 0.484375 0.490724 2.000000
0.453125 1.000000 0.437500 0.518204 3.000000
0.484375 0.828125 0.609375 0.467808 2.000000
0.484375 0.890625 0.562500 0.515313 3.000000
0.484375 0.953125 0.625000 0.483807 2.000000
0.484375 0.906250 0.625000 0.511349 3.000000
0.484375 0.968750 0.421875 0.430875 2.000000
0.484375 0.968750 0.406250 0.476932 3.000000
0.531250 0.531250 0.312500 0.190095 2.000000
0.531250 0.531250 0.734375 0.271951 3.000000
0.453125 0.578125 0.687500 0.188425 2.000000
0.421875 0.531250 0.687500 0.271658 3.000000
0.531250 0.531250 0.015625 0.235185 3.000000
0.421875 0.531250 0.218750 0.184414 2.000000
0.421875 0.531250 0.000000 0.234084 3.000000
0.468750 0.453125 0.000000 0.000000 0.000000
0.609375 0.046875 0.406250 0.049914 1.000000
0.703125 1.109380 0.906250 0.000571 0.000000
0.625000 1.125000 0.875000 0.035725 1.000000
0.250000 1.125000 0.609375 0.000587 0.000000
0.468750 1.203120 0.500000 0.039069 1.000000
0.328125 1.031250 0.765625 0.012025 0.000000
0.328125 1.062500 0.765625 0.039289 1.000000
0.609375 1.140620 0.875000 0.012774 0.000000
0.609375 1.062500 0.671875 0.015197 0.000000
0.625000 1.046880 0.703125 0.040382 1.000000
0.359375 1.031250 0.578125 0.021737 0.000000
0.343750 1.031250 0.562500 0.043642 1.000000
0.406250 0.890625 0.265625 0.035799 0.000000
0.375000 0.906250 0.187500 0.072866 1.000000
0.562500 0.890625 0.234375 0.045650 0.000000
0.578125 0.890625 0.234375 0.070886 1.000000
0.484375 0.578125 0.718750 0.187457 2.000000
0.484375 1.140620 0.843750 0.507387 2.000000
