0.484375 1.328120 0.765625 0.636235 2.000000
0.484375 1.312500 0.781250 0.670108 3.000000
0.484375 1.359380 0.750000 0.664239 3.000000
0.484375 1.265620 0.687500 0.584791 2.000000
0.484375 1.171880 0.703125 0.663983 3.000000
0.484375 1.390620 0.750000 0.633089 2.000000
0.468750 1.421880 0.750000 0.656751 3.000000
0.484375 1.359380 0.812500 0.623349 2.000000
0.468750 1.343750 0.828125 0.647504 3.000000
0.484375 1.359380 0.625000 0.591296 2.000000
0.437500 1.312500 0.625000 0.635206 3.000000
0.500000 1.343750 0.640625 0.620467 3.000000
0.468750 1.218750 0.843750 0.559977 2.000000
0.468750 1.140620 0.859375 0.587622 3.000000
0.437500 1.218750 0.593750 0.548505 2.000000
0.453125 1.187500 0.593750 0.576752 3.000000
0.468750 1.109380 0.828125 0.509741 2.000000
0.484375 1.062500 0.812500 0.547447 3.000000
0.484375 1.000000 0.828125 0.499496 2.000000
0.484375 0.921875 0.812500 0.546320 3.000000
0.484375 0.937500 0.671875 0.499898 2.000000
0.484375 0.921875 0.640625 0.542408 3.000000
0.484375 1.046880 0.843750 0.516572 2.000000
0.484375 0.921875 0.843750 0.539967 3.000000
0.484375 1.171880 0.531250 0.424218 2.000000
0.484375 1.125000 0.453125 0.537575 3.000000
0.468750 0.890625 0.953125 0.461212 2.000000
0.484375 0.968750 0.968750 0.514936 3.000000
0.468750 1.046880 0.078125 0.403972 2.000000
0.468750 1.093750 0.046875 0.514603 3.000000
0.468750 0.843750 0.906250 0.470775 2.000000
0.484375 0.921875 0.921875 0.512774 3.000000
0.468750 0.968750 0.312500 0.415727 2.000000
0.468750 1.031250 0.375000 0.507912 3.000000
0.468750 0.875000 0.625000 0.482453 2.000000
0.484375 0.875000 0.609375 0.505417 3.000000
0.500000 0.937500 0.593750 0.467164 2.000000
0.484375 1.015620 0.578125 0.495312 3.000000
0.468750 0.875000 0.562500 0.471449 2.000000
0.484375 0.906250 0.546875 0.493880 3.000000
0.500000 1.343750 0.875000 0.458338 2.000000
0.531250 1.343750 0.875000 0.486376 3.000000
0.484375 0.921875 0.531250 0.449161 2.000000
0.484375 0.906250 0.500000 0.485615 3.000000
0.484375 0.984375 0.156250 0.409345 2.000000
0.468750 1.000000 0.093750 0.474357 3.000000
0.500000 1.015620 0.453125 0.418103 2.000000
0.468750 0.937500 0.453125 0.450674 3.000000
0.468750 0.984375 0.015625 0.402587 2.000000
0.468750 0.890625 0.000000 0.446066 3.000000
0.484375 0.968750 0.265625 0.415236 2.000000
0.484375 0.968750 0.218750 0.443652 3.000000
0.484375 0.968750 0.203125 0.412144 2.000000
0.468750 0.968750 0.187500 0.441010 3.000000
0.484375 0.968750 0.281250 0.438685 3.000000
0.484375 0.953125 0.031250 0.394906 2.000000
0.484375 0.921875 0.046875 0.424398 3.000000
0.484375 0.578125 0.781250 0.189433 2.000000
0.531250 0.531250 0.734375 0.272889 3.000000
0.468750 0.578125 0.796875 0.189665 2.000000
0.421875 0.531250 0.750000 0.271850 3.000000
0.421875 1.093750 0.984375 0.241012 2.000000
0.421875 1.125000 0.984375 0.266332 3.000000
0.531250 0.531250 0.296875 0.188980 2.000000
0.531250 0.531250 0.015625 0.236350 3.000000
0.421875 0.531250 0.234375 0.186358 2.000000
0.421875 0.531250 0.000000 0.233147 3.000000
0.500000 1.937500 0.312500 0.049709 2.000000
0.500000 1.406250 0.000000 0.082350 3.000000
0.468750 0.453125 0.000000 0.000000 0.000000
0.781250 0.125000 0.562500 0.049907 1.000000
0.718750 1.234380 0.890625 0.000309 0.000000
0.390625 0.953125 0.250000 0.043178 0.000000
0.359375 0.968750 0.234375 0.071338 1.000000
0.562500 0.953125 0.234375 0.044434 0.000000
0.593750 0.968750 0.281250 0.084167 1.000000
0.406250 1.109380 0.484375 0.099181 0.000000
0.390625 1.109380 0.531250 0.124860 1.000000
0.421875 1.093750 0.453125 0.099462 0.000000
0.406250 1.093750 0.468750 0.128239 1.000000
0.578125 1.203120 0.812500 0.106109 0.000000
0.578125 1.187500 0.828125 0.190401 1.000000
0.437500 1.187500 0.953125 0.115222 0.000000
0.406250 1.156250 0.906250 0.138037 1.000000
0.453125 1.328120 0.781250 0.379019 0.000000
0.437500 1.328120 0.765625 0.408681 1.000000
0.515625 1.359380 0.656250 0.570719 2.000000
0.484375 1.046880 0.406250 0.406106 2.000000
