0.500000 1.390620 0.734375 0.576587 2.000000
0.437500 1.359380 0.703125 0.672771 3.000000
0.468750 1.343750 0.765625 0.656022 3.000000
0.453125 1.250000 0.828125 0.595235 2.000000
0.484375 1.359380 0.875000 0.646837 3.000000
0.453125 1.187500 0.812500 0.625461 3.000000
0.453125 1.187500 0.781250 0.581804 2.000000
0.453125 1.171880 0.765625 0.615998 3.000000
0.468750 1.265620 0.546875 0.562123 2.000000
0.500000 1.265620 0.515625 0.597409 3.000000
0.468750 1.296880 0.578125 0.564024 2.000000
0.453125 1.312500 0.593750 0.595995 3.000000
0.453125 1.078120 0.750000 0.556539 2.000000
0.468750 1.031250 0.750000 0.592988 3.000000
0.468750 1.296880 0.562500 0.587005 3.000000
0.515625 1.171880 0.656250 0.541498 2.000000
0.484375 1.062500 0.640625 0.577164 3.000000
0.453125 1.031250 0.953125 0.455624 2.000000
0.453125 1.187500 0.968750 0.576513 3.000000
0.515625 1.234380 0.687500 0.544859 2.000000
0.515625 1.187500 0.671875 0.570843 3.000000
0.453125 1.265620 0.750000 0.539776 2.000000
0.453125 1.250000 0.750000 0.569559 3.000000
0.453125 1.390620 0.625000 0.546045 2.000000
0.437500 1.406250 0.593750 0.569223 3.000000
0.484375 0.937500 0.765625 0.534270 2.000000
0.468750 0.968750 0.796875 0.568332 3.000000
0.468750 1.046880 0.671875 0.534071 2.000000
0.468750 1.000000 0.687500 0.561788 3.000000
0.468750 1.000000 0.625000 0.529086 2.000000
0.484375 1.031250 0.609375 0.553364 3.000000
0.515625 1.125000 0.453125 0.443695 2.000000
0.468750 1.109380 0.437500 0.550555 3.000000
0.468750 1.515620 0.734375 0.519369 2.000000
0.468750 1.531250 0.750000 0.540927 3.000000
0.453125 1.093750 0.015625 0.451853 2.000000
0.437500 1.140620 0.000000 0.514066 3.000000
0.484375 1.093750 0.546875 0.490812 2.000000
0.484375 1.109380 0.546875 0.513352 3.000000
0.484375 1.078120 0.531250 0.460199 2.000000
0.468750 1.031250 0.531250 0.509131 3.000000
0.484375 1.062500 0.390625 0.434479 2.000000
0.484375 1.031250 0.375000 0.498981 3.000000
0.468750 0.968750 0.968750 0.488263 3.000000
0.468750 1.078120 0.046875 0.449864 2.000000
0.500000 1.046880 0.093750 0.484690 3.000000
0.468750 1.093750 0.031250 0.479167 3.000000
0.468750 0.890625 0.484375 0.444758 2.000000
0.468750 0.968750 0.484375 0.478693 3.000000
0.484375 1.031250 0.109375 0.436551 2.000000
0.468750 1.031250 0.109375 0.478662 3.000000
0.484375 1.015620 0.031250 0.406935 2.000000
0.484375 0.937500 0.046875 0.453009 3.000000
0.468750 0.984375 0.203125 0.410286 2.000000
0.484375 0.968750 0.218750 0.441509 3.000000
0.515625 1.328120 0.921875 0.362849 2.000000
0.531250 1.312500 0.937500 0.388186 3.000000
0.484375 0.578125 0.750000 0.189800 2.000000
0.531250 0.531250 0.765625 0.272951 3.000000
0.468750 0.578125 0.765625 0.190811 2.000000
0.421875 0.531250 0.718750 0.272534 3.000000
0.562500 1.156250 0.625000 0.221854 2.000000
0.578125 1.203120 0.593750 0.269295 3.000000
0.421875 0.531250 0.234375 0.189399 2.000000
0.421875 0.531250 0.015625 0.236233 3.000000
0.531250 0.531250 0.218750 0.184467 2.000000
0.531250 0.531250 0.000000 0.234251 3.000000
0.375000 1.953120 0.203125 0.049463 2.000000
0.515625 1.359380 0.000000 0.081188 3.000000
0.468750 0.453125 0.000000 0.000000 0.000000
0.265625 0.031250 0.218750 0.049920 1.000000
0.187500 1.218750 0.796875 0.001028 0.000000
0.437500 1.312500 0.437500 0.025550 1.000000
0.718750 1.203120 0.859375 0.001033 0.000000
0.312500 1.156250 0.796875 0.006977 0.000000
0.312500 1.171880 0.796875 0.036049 1.000000
0.578125 1.281250 0.656250 0.021255 0.000000
0.625000 1.250000 0.687500 0.043975 1.000000
0.390625 0.968750 0.218750 0.052843 0.000000
0.359375 0.968750 0.234375 0.087884 1.000000
0.578125 0.968750 0.250000 0.063193 0.000000
0.593750 0.968750 0.265625 0.094841 1.000000
0.531250 1.171880 0.968750 0.075236 0.000000
0.546875 1.171880 0.968750 0.102648 1.000000
0.515625 1.140620 0.000000 0.096163 0.000000
0.531250 1.187500 0.000000 0.234045 1.000000
0.375000 1.281250 0.656250 0.156260 0.000000
0.406250 1.250000 0.687500 0.199313 1.000000
0.390625 1.296880 0.781250 0.224380 0.000000
0.375000 1.296880 0.781250 0.248262 1.000000
0.453125 1.281250 0.796875 0.576126 2.000000
0.484375 0.828125 0.937500 0.452028 2.000000
0.468750 1.421880 0.640625 0.531979 2.000000
0.484375 0.984375 0.250000 0.407144 2.000000
