0 1
0 2
3 4
5 6
7 8
9 10
9 11
12 13
14 15
16 17
18 19
20 21
22 23
24 25
26 27
28 29
30 31
32 33
34 35
36 37
38 39
40 41
42 43
44 45
46 47
48 49
50 51
52 53
32 54
55 56
57 58
59 60
61 62
63 64
65 66
67 68
69 70
71 67
72 73
74 75
76 77
78 79
80 81
82 83
84 85
5 0
86 9
50 32
67 70
7 5
52 50
70 73
3 7
44 52
73 75
86 3
87 44
75 77
12 86
77 79
14 12
79 83
22 14
83 65
16 22
65 63
20 16
63 57
18 20
57 59
34 18
59 81
38 34
81 61
30 38
61 55
36 30
55 48
26 36
48 28
40 26
28 87
42 40
87 85
24 42
85 46
46 24
