0.484375 1.062500 0.734375 0.581550 2.000000
0.484375 1.093750 0.718750 0.640721 3.000000
0.453125 1.093750 0.828125 0.546454 2.000000
0.468750 1.062500 0.906250 0.620858 3.000000
0.500000 1.109380 0.796875 0.618701 3.000000
0.468750 1.125000 0.625000 0.552892 2.000000
0.468750 1.093750 0.656250 0.603459 3.000000
0.468750 1.062500 0.609375 0.599359 3.000000
0.468750 0.843750 0.218750 0.389854 2.000000
0.484375 0.968750 0.015625 0.528675 3.000000
0.468750 0.578125 0.734375 0.190536 2.000000
0.421875 0.531250 0.734375 0.272668 3.000000
0.531250 0.531250 0.218750 0.190294 2.000000
0.531250 0.531250 0.718750 0.272548 3.000000
0.421875 0.531250 0.281250 0.186962 2.000000
0.421875 0.531250 0.000000 0.240108 3.000000
0.359375 1.093750 0.703125 0.207291 2.000000
0.343750 1.109380 0.703125 0.235418 3.000000
0.531250 0.531250 0.000000 0.233504 3.000000
0.468750 0.453125 0.000000 0.000000 0.000000
0.234375 0.093750 0.156250 0.049901 1.000000
0.265625 1.046880 0.906250 0.000793 0.000000
0.359375 1.078120 0.609375 0.031940 1.000000
0.703125 1.031250 0.625000 0.001220 0.000000
0.640625 1.046880 0.812500 0.036080 1.000000
0.375000 1.062500 0.906250 0.007198 0.000000
0.359375 1.078120 0.937500 0.047908 1.000000
0.359375 1.093750 0.593750 0.009471 0.000000
0.609375 1.078120 0.828125 0.013876 0.000000
0.546875 0.843750 0.234375 0.018142 0.000000
0.562500 0.843750 0.250000 0.058938 1.000000
0.359375 1.015620 0.562500 0.023102 0.000000
0.343750 1.031250 0.531250 0.050523 1.000000
0.406250 1.140620 0.562500 0.026986 0.000000
0.390625 1.140620 0.562500 0.052511 1.000000
0.406250 0.843750 0.250000 0.033607 0.000000
0.390625 0.859375 0.281250 0.075620 1.000000
0.453125 0.984375 0.687500 0.525009 2.000000
0.484375 0.578125 0.750000 0.188462 2.000000
0.484375 1.203120 0.187500 0.042582 1.000000
