0.468750 1.187500 0.687500 0.617957 2.000000
0.468750 1.140620 0.703125 0.667186 3.000000
0.468750 1.218750 0.640625 0.656202 3.000000
0.468750 1.078120 0.796875 0.592365 2.000000
0.484375 1.203120 0.796875 0.656171 3.000000
0.453125 1.171880 0.843750 0.559531 2.000000
0.484375 1.125000 0.890625 0.633508 3.000000
0.468750 1.031250 0.796875 0.621077 3.000000
0.484375 1.281250 0.734375 0.560571 2.000000
0.515625 1.171880 0.734375 0.589054 3.000000
0.484375 1.093750 0.515625 0.540758 2.000000
0.468750 1.046880 0.484375 0.576101 3.000000
0.468750 1.328120 0.734375 0.522512 2.000000
0.453125 1.359380 0.734375 0.557303 3.000000
0.484375 0.890625 0.218750 0.402573 2.000000
0.484375 1.046880 0.000000 0.527448 3.000000
0.468750 0.968750 0.968750 0.442037 2.000000
0.468750 0.921875 0.968750 0.475138 3.000000
0.468750 0.906250 0.000000 0.396288 2.000000
0.468750 0.828125 0.000000 0.427985 3.000000
0.437500 1.156250 0.562500 0.380544 2.000000
0.437500 1.171880 0.562500 0.402822 3.000000
0.468750 0.578125 0.734375 0.189654 2.000000
0.421875 0.531250 0.750000 0.272388 3.000000
0.531250 0.531250 0.265625 0.189887 2.000000
0.531250 0.531250 0.750000 0.272377 3.000000
0.421875 0.531250 0.234375 0.187858 2.000000
0.421875 0.531250 0.000000 0.234572 3.000000
0.531250 0.531250 0.000000 0.233260 3.000000
0.468750 0.453125 0.000000 0.000000 0.000000
0.484375 0.046875 0.093750 0.049909 1.000000
0.718750 1.109380 0.875000 0.000591 0.000000
0.421875 1.187500 0.500000 0.035587 1.000000
0.250000 1.125000 0.906250 0.001718 0.000000
0.578125 1.125000 0.562500 0.012523 0.000000
0.578125 1.140620 0.531250 0.035977 1.000000
0.578125 1.203120 0.578125 0.013256 0.000000
0.609375 1.171880 0.578125 0.039401 1.000000
0.640625 1.078120 0.781250 0.013437 0.000000
0.656250 1.078120 0.765625 0.040563 1.000000
0.609375 1.109380 0.890625 0.015562 0.000000
0.625000 1.109380 0.921875 0.040413 1.000000
0.593750 1.203120 0.859375 0.018104 0.000000
0.625000 1.156250 0.843750 0.041829 1.000000
0.562500 1.171880 0.968750 0.034446 0.000000
0.578125 1.171880 0.968750 0.061878 1.000000
0.406250 0.890625 0.234375 0.035989 0.000000
0.375000 0.890625 0.250000 0.066847 1.000000
0.562500 0.890625 0.218750 0.051023 0.000000
0.578125 0.890625 0.187500 0.074114 1.000000
0.484375 0.578125 0.718750 0.189804 2.000000
0.515625 1.171880 0.750000 0.559313 2.000000
