0.468750 1.250000 0.718750 0.624992 2.000000
0.484375 1.250000 0.734375 0.687835 3.000000
0.484375 1.265620 0.687500 0.679089 3.000000
0.468750 1.203120 0.765625 0.601618 2.000000
0.484375 1.281250 0.796875 0.677771 3.000000
0.484375 1.156250 0.671875 0.585942 2.000000
0.484375 1.156250 0.625000 0.627828 3.000000
0.468750 1.093750 0.500000 0.481427 2.000000
0.484375 1.046880 0.453125 0.566918 3.000000
0.484375 1.156250 0.921875 0.534305 2.000000
0.468750 1.109380 0.937500 0.561855 3.000000
0.484375 0.984375 0.812500 0.497022 2.000000
0.484375 0.953125 0.812500 0.543453 3.000000
0.437500 1.140620 0.578125 0.509317 2.000000
0.453125 1.140620 0.562500 0.532813 3.000000
0.468750 1.046880 0.937500 0.484511 2.000000
0.484375 1.000000 0.921875 0.524287 3.000000
0.468750 0.984375 0.078125 0.417693 2.000000
0.468750 1.015620 0.046875 0.497329 3.000000
0.484375 0.984375 0.406250 0.437063 2.000000
0.468750 0.968750 0.375000 0.490364 3.000000
0.468750 0.890625 0.953125 0.437836 2.000000
0.484375 0.906250 0.968750 0.487370 3.000000
0.484375 0.968750 0.093750 0.450921 3.000000
0.468750 0.828125 0.515625 0.414631 2.000000
0.484375 0.828125 0.500000 0.437044 3.000000
0.468750 0.953125 0.015625 0.374913 2.000000
0.453125 0.906250 0.000000 0.433410 3.000000
0.468750 0.578125 0.796875 0.189857 2.000000
0.421875 0.531250 0.703125 0.272232 3.000000
0.484375 0.578125 0.781250 0.189689 2.000000
0.531250 0.531250 0.765625 0.271975 3.000000
0.531250 0.531250 0.281250 0.188226 2.000000
0.531250 0.531250 0.015625 0.236728 3.000000
0.421875 0.531250 0.250000 0.189418 2.000000
0.421875 0.531250 0.000000 0.233277 3.000000
0.468750 1.875000 0.281250 0.050177 2.000000
0.484375 1.359380 0.000000 0.072739 3.000000
0.468750 0.453125 0.000000 0.000000 0.000000
0.625000 0.015625 0.421875 0.049912 1.000000
0.265625 1.140620 0.906250 0.000788 0.000000
0.671875 1.109380 0.781250 0.028243 1.000000
0.640625 1.093750 0.765625 0.004059 0.000000
0.328125 1.078120 0.703125 0.015104 0.000000
0.328125 1.109380 0.656250 0.039654 1.000000
0.390625 0.906250 0.234375 0.036687 0.000000
0.375000 0.906250 0.234375 0.074426 1.000000
0.562500 1.234380 0.562500 0.036881 0.000000
0.562500 1.234380 0.546875 0.062660 1.000000
0.562500 0.906250 0.265625 0.046648 0.000000
0.578125 0.906250 0.281250 0.075773 1.000000
0.453125 1.250000 0.625000 0.254407 0.000000
0.453125 1.234380 0.625000 0.277750 1.000000
0.468750 0.906250 0.250000 0.404178 2.000000
