0.453125 1.218750 0.640625 0.591177 2.000000
0.468750 1.218750 0.765625 0.699360 3.000000
0.468750 1.171880 0.828125 0.548276 2.000000
0.453125 1.218750 0.890625 0.622382 3.000000
0.453125 1.218750 0.625000 0.616138 3.000000
0.468750 1.000000 0.812500 0.561834 2.000000
0.468750 1.046880 0.796875 0.605897 3.000000
0.453125 1.125000 0.890625 0.535271 2.000000
0.484375 1.078120 0.953125 0.599120 3.000000
0.484375 1.078120 0.828125 0.566439 2.000000
0.484375 1.031250 0.828125 0.590532 3.000000
0.500000 1.203120 0.578125 0.522396 2.000000
0.500000 1.156250 0.562500 0.587634 3.000000
0.484375 0.968750 0.109375 0.431762 2.000000
0.453125 1.000000 0.062500 0.515165 3.000000
0.468750 1.000000 0.406250 0.448532 2.000000
0.484375 0.968750 0.390625 0.477308 3.000000
0.484375 0.875000 0.546875 0.441360 2.000000
0.484375 0.843750 0.546875 0.468587 3.000000
0.484375 0.953125 0.125000 0.456747 3.000000
0.484375 0.937500 0.359375 0.422341 2.000000
0.468750 0.937500 0.343750 0.444898 3.000000
0.468750 0.953125 0.015625 0.388844 2.000000
0.468750 0.906250 0.000000 0.443621 3.000000
0.515625 1.250000 0.890625 0.365689 2.000000
0.515625 1.234380 0.890625 0.396677 3.000000
0.468750 0.578125 0.734375 0.191274 2.000000
0.421875 0.531250 0.734375 0.272606 3.000000
0.484375 0.578125 0.750000 0.190036 2.000000
0.531250 0.531250 0.734375 0.272056 3.000000
0.421875 0.531250 0.265625 0.190041 2.000000
0.421875 0.531250 0.000000 0.233971 3.000000
0.531250 0.531250 0.234375 0.189488 2.000000
0.531250 0.531250 0.000000 0.233064 3.000000
0.468750 0.453125 0.000000 0.000000 0.000000
0.687500 0.062500 0.281250 0.049887 1.000000
0.734375 1.109380 0.765625 0.000612 0.000000
0.328125 1.187500 0.859375 0.033866 1.000000
0.359375 1.171880 0.859375 0.007211 0.000000
0.437500 1.250000 0.546875 0.010702 0.000000
0.421875 1.250000 0.546875 0.044758 1.000000
0.406250 1.234380 0.562500 0.017732 0.000000
0.390625 1.234380 0.562500 0.047844 1.000000
0.578125 1.171880 0.546875 0.020478 0.000000
0.593750 1.171880 0.546875 0.066004 1.000000
0.593750 1.125000 0.906250 0.020538 0.000000
0.625000 1.125000 0.937500 0.057507 1.000000
0.593750 1.156250 0.562500 0.021466 0.000000
0.609375 1.156250 0.546875 0.052476 1.000000
0.562500 0.906250 0.234375 0.031423 0.000000
0.578125 0.906250 0.234375 0.066629 1.000000
0.375000 1.062500 0.546875 0.042068 0.000000
0.359375 1.062500 0.546875 0.063780 1.000000
0.390625 0.906250 0.265625 0.047353 0.000000
0.375000 0.906250 0.265625 0.080830 1.000000
0.406250 1.140620 0.796875 0.209191 0.000000
0.390625 1.156250 0.796875 0.233304 1.000000
0.484375 0.921875 0.312500 0.401912 2.000000
