0.484375 1.171880 0.750000 0.648183 2.000000
0.484375 1.203120 0.765625 0.675684 3.000000
0.484375 1.218750 0.718750 0.672840 3.000000
0.468750 1.187500 0.781250 0.587460 2.000000
0.468750 1.234380 0.828125 0.654846 3.000000
0.484375 1.171880 0.656250 0.601826 2.000000
0.484375 1.171880 0.640625 0.623460 3.000000
0.468750 1.109380 0.546875 0.520031 2.000000
0.500000 1.093750 0.531250 0.588592 3.000000
0.468750 1.156250 0.625000 0.526840 2.000000
0.453125 1.125000 0.578125 0.584722 3.000000
0.500000 1.140620 0.890625 0.554681 2.000000
0.500000 1.187500 0.890625 0.583163 3.000000
0.468750 1.093750 0.968750 0.508747 2.000000
0.437500 1.109380 0.968750 0.543359 3.000000
0.484375 1.046880 0.625000 0.513307 2.000000
0.484375 0.968750 0.609375 0.541177 3.000000
0.500000 1.015620 0.921875 0.539760 3.000000
0.484375 1.046880 0.500000 0.510744 2.000000
0.468750 1.046880 0.484375 0.536690 3.000000
0.468750 0.906250 0.656250 0.491205 2.000000
0.468750 0.875000 0.656250 0.516616 3.000000
0.484375 0.984375 0.062500 0.444576 2.000000
0.453125 1.015620 0.015625 0.505698 3.000000
0.500000 0.968750 0.078125 0.474322 3.000000
0.468750 0.953125 0.390625 0.441561 2.000000
0.468750 0.937500 0.375000 0.469055 3.000000
0.468750 0.906250 0.000000 0.401822 2.000000
0.484375 0.875000 0.000000 0.435479 3.000000
0.484375 0.843750 0.046875 0.356912 2.000000
0.500000 0.859375 0.046875 0.379244 3.000000
0.484375 0.578125 0.812500 0.188949 2.000000
0.531250 0.531250 0.734375 0.272343 3.000000
0.468750 0.578125 0.796875 0.186726 2.000000
0.421875 0.531250 0.765625 0.271665 3.000000
0.546875 1.031250 0.984375 0.246537 2.000000
0.546875 1.078120 0.984375 0.269109 3.000000
0.546875 1.093750 0.984375 0.229269 2.000000
0.531250 1.093750 0.984375 0.252158 3.000000
0.421875 0.531250 0.265625 0.184189 2.000000
0.421875 0.531250 0.000000 0.233801 3.000000
0.531250 0.531250 0.281250 0.186557 2.000000
0.531250 0.531250 0.000000 0.233591 3.000000
0.468750 0.453125 0.000000 0.000000 0.000000
0.718750 0.093750 0.437500 0.049919 1.000000
0.218750 1.093750 0.734375 0.000823 0.000000
0.531250 1.187500 0.500000 0.029986 1.000000
0.703125 1.109380 0.875000 0.001117 0.000000
0.343750 1.156250 0.609375 0.020232 0.000000
0.328125 1.109380 0.640625 0.043015 1.000000
0.406250 1.187500 0.546875 0.030035 0.000000
0.406250 1.187500 0.531250 0.053289 1.000000
0.375000 1.078120 0.921875 0.051307 0.000000
0.359375 1.078120 0.921875 0.075973 1.000000
0.406250 0.890625 0.203125 0.052585 0.000000
0.375000 0.890625 0.203125 0.075567 1.000000
0.515625 1.093750 0.968750 0.162119 0.000000
0.515625 1.093750 0.953125 0.184884 1.000000
0.500000 1.078120 0.000000 0.216270 0.000000
0.500000 1.093750 0.000000 0.267594 1.000000
0.500000 1.062500 0.906250 0.505516 2.000000
0.468750 0.890625 0.265625 0.397073 2.000000
