0 1
0 2
3 4
5 6
7 8
9 10
11 12
9 13
14 15
14 16
17 18
19 20
21 22
3 23
24 25
26 27
28 29
30 31
32 33
34 35
36 37
38 39
26 40
41 42
41 43
44 45
46 47
48 49
50 51
52 53
54 55
56 57
58 59
60 61
62 59
63 64
65 66
67 68
69 70
71 72
73 74
75 76
77 78
79 80
81 82
83 84
85 74
86 87
88 89
90 91
92 93
94 95
5 0
17 9
96 14
97 3
38 26
98 41
59 61
74 99
7 5
100 17
101 38
61 57
100 7
57 64
11 100
64 70
21 11
70 68
19 21
68 66
97 19
66 72
28 97
72 78
30 28
78 76
96 30
76 80
32 96
80 84
24 32
84 82
36 24
82 99
34 36
99 87
98 34
87 54
101 98
54 48
44 101
48 52
95 44
52 50
46 95
50 91
93 46
91 89
89 93
