0.468750 1.281250 0.750000 0.618820 2.000000
0.468750 1.203120 0.796875 0.688499 3.000000
0.468750 1.343750 0.671875 0.676722 3.000000
0.468750 1.437500 0.718750 0.595838 2.000000
0.468750 1.421880 0.750000 0.641009 3.000000
0.453125 1.093750 0.734375 0.575914 2.000000
0.468750 1.062500 0.734375 0.599319 3.000000
0.500000 1.234380 0.859375 0.527581 2.000000
0.515625 1.218750 0.859375 0.573287 3.000000
0.484375 1.203120 0.906250 0.477275 2.000000
0.468750 1.140620 0.953125 0.554012 3.000000
0.484375 1.062500 0.578125 0.454770 2.000000
0.515625 1.218750 0.578125 0.549974 3.000000
0.500000 0.953125 0.609375 0.484163 2.000000
0.484375 0.968750 0.562500 0.541535 3.000000
0.484375 1.046880 0.062500 0.469021 2.000000
0.484375 1.093750 0.015625 0.526422 3.000000
0.468750 1.015620 0.421875 0.437822 2.000000
0.453125 1.078120 0.453125 0.524890 3.000000
0.484375 0.859375 0.906250 0.473672 2.000000
0.484375 0.890625 0.921875 0.507106 3.000000
0.468750 1.031250 0.078125 0.495800 3.000000
0.484375 0.968750 0.359375 0.461528 3.000000
0.468750 0.953125 0.953125 0.428594 2.000000
0.453125 0.968750 0.953125 0.451138 3.000000
0.468750 0.968750 0.968750 0.409873 2.000000
0.484375 1.000000 0.984375 0.445973 3.000000
0.500000 0.937500 0.000000 0.405962 2.000000
0.484375 0.875000 0.000000 0.443501 3.000000
0.468750 0.578125 0.703125 0.188752 2.000000
0.421875 0.531250 0.718750 0.272155 3.000000
0.531250 0.531250 0.312500 0.189836 2.000000
0.531250 0.531250 0.765625 0.271964 3.000000
0.531250 0.531250 0.015625 0.236978 3.000000
0.421875 0.531250 0.218750 0.184368 2.000000
0.421875 0.531250 0.000000 0.234007 3.000000
0.468750 0.453125 0.000000 0.000000 0.000000
0.593750 0.015625 0.453125 0.049916 1.000000
0.718750 1.171880 0.890625 0.000266 0.000000
0.625000 1.156250 0.812500 0.032336 1.000000
0.609375 1.187500 0.812500 0.007930 0.000000
0.625000 1.109380 0.703125 0.008751 0.000000
0.640625 1.171880 0.593750 0.041395 1.000000
0.421875 1.281250 0.937500 0.008985 0.000000
0.406250 1.281250 0.937500 0.041146 1.000000
0.390625 0.937500 0.250000 0.019918 0.000000
0.375000 0.937500 0.187500 0.075601 1.000000
0.421875 1.312500 0.546875 0.024124 0.000000
0.375000 1.296880 0.546875 0.050516 1.000000
0.562500 0.921875 0.250000 0.032512 0.000000
0.578125 0.937500 0.234375 0.077197 1.000000
0.437500 1.156250 0.546875 0.159328 0.000000
0.437500 1.156250 0.562500 0.185326 1.000000
0.437500 1.187500 0.578125 0.166061 0.000000
0.421875 1.187500 0.578125 0.192145 1.000000
0.531250 1.203120 0.640625 0.178025 0.000000
0.546875 1.218750 0.640625 0.211237 1.000000
0.390625 1.171880 0.718750 0.205845 0.000000
0.390625 1.171880 0.687500 0.227621 1.000000
0.468750 0.921875 0.265625 0.408275 2.000000
0.484375 1.093750 0.484375 0.437135 2.000000
0.484375 0.578125 0.718750 0.187315 2.000000
