0.468750 1.281250 0.718750 0.636804 2.000000
0.468750 1.328120 0.750000 0.694307 3.000000
0.468750 1.328120 0.703125 0.681508 3.000000
0.453125 1.375000 0.765625 0.636711 2.000000
0.453125 1.390620 0.765625 0.667424 3.000000
0.468750 1.125000 0.812500 0.580478 2.000000
0.468750 1.109380 0.812500 0.603469 3.000000
0.453125 1.140620 0.906250 0.503267 2.000000
0.484375 1.125000 0.953125 0.601874 3.000000
0.484375 1.031250 0.734375 0.525205 2.000000
0.468750 0.968750 0.765625 0.589509 3.000000
0.484375 1.312500 0.609375 0.481404 2.000000
0.484375 1.140620 0.562500 0.589493 3.000000
0.453125 1.312500 0.828125 0.527615 2.000000
0.437500 1.312500 0.828125 0.579247 3.000000
0.453125 1.281250 0.859375 0.523990 2.000000
0.453125 1.296880 0.875000 0.559774 3.000000
0.468750 1.062500 0.875000 0.521614 2.000000
0.468750 1.046880 0.875000 0.551630 3.000000
0.500000 1.140620 0.515625 0.470134 4.000000
0.468750 1.109380 0.484375 0.535662 3.000000
0.468750 0.984375 0.109375 0.420837 2.000000
0.453125 1.046880 0.062500 0.530778 3.000000
0.484375 0.984375 0.609375 0.484052 2.000000
0.484375 0.890625 0.593750 0.512677 3.000000
0.500000 1.046880 0.640625 0.484456 2.000000
0.500000 1.046880 0.625000 0.512177 3.000000
0.484375 1.078120 0.640625 0.483732 2.000000
0.484375 1.078120 0.625000 0.508765 3.000000
0.468750 0.875000 0.562500 0.462554 2.000000
0.484375 0.906250 0.546875 0.499116 3.000000
0.453125 1.031250 0.421875 0.430955 2.000000
0.500000 1.015620 0.375000 0.497298 3.000000
0.500000 1.171880 0.515625 0.493770 3.000000
0.468750 0.953125 0.046875 0.402480 2.000000
0.468750 0.937500 0.015625 0.459225 3.000000
0.484375 0.953125 0.187500 0.409755 2.000000
0.468750 0.968750 0.328125 0.451801 3.000000
0.484375 1.000000 0.125000 0.450502 3.000000
0.515625 1.312500 0.890625 0.415374 2.000000
0.515625 1.312500 0.875000 0.440883 3.000000
0.437500 1.078120 0.984375 0.294587 2.000000
0.421875 1.109380 0.984375 0.318408 3.000000
0.484375 0.578125 0.750000 0.189693 2.000000
0.531250 0.531250 0.734375 0.272364 3.000000
0.468750 0.578125 0.734375 0.191395 2.000000
0.421875 0.531250 0.734375 0.272166 3.000000
0.421875 0.531250 0.265625 0.189828 2.000000
0.421875 0.531250 0.000000 0.234683 3.000000
0.531250 0.531250 0.234375 0.189265 2.000000
0.531250 0.531250 0.000000 0.233611 3.000000
0.468750 0.453125 0.000000 0.000000 0.000000
0.656250 0.078125 0.312500 0.049904 1.000000
0.203125 1.156250 0.765625 0.000535 0.000000
0.609375 1.312500 0.984375 0.039985 1.000000
0.500000 1.296880 0.984375 0.006003 0.000000
0.453125 1.296880 0.953125 0.010677 0.000000
0.453125 1.296880 0.968750 0.059358 1.000000
0.640625 1.203120 0.859375 0.018808 0.000000
0.656250 1.203120 0.890625 0.040803 1.000000
0.609375 1.203120 0.593750 0.018920 0.000000
0.609375 1.234380 0.593750 0.043153 1.000000
0.312500 1.093750 0.718750 0.020780 0.000000
0.312500 1.093750 0.750000 0.049757 1.000000
0.406250 1.312500 0.546875 0.021943 0.000000
0.406250 1.328120 0.546875 0.044862 1.000000
0.562500 0.937500 0.250000 0.027565 0.000000
0.593750 0.937500 0.234375 0.075234 1.000000
0.609375 1.187500 0.906250 0.029166 0.000000
0.609375 1.171880 0.937500 0.051641 1.000000
0.359375 1.109380 0.546875 0.039502 0.000000
0.343750 1.109380 0.546875 0.068567 1.000000
0.390625 0.937500 0.234375 0.042142 0.000000
0.375000 0.953125 0.187500 0.083063 1.000000
0.484375 1.312500 0.937500 0.042263 0.000000
0.500000 1.312500 0.937500 0.081670 1.000000
0.515625 1.125000 0.484375 0.098762 0.000000
0.546875 1.109380 0.500000 0.131330 1.000000
0.531250 1.062500 0.046875 0.112280 0.000000
0.546875 1.046880 0.000000 0.146741 1.000000
0.437500 1.156250 0.968750 0.120752 0.000000
0.406250 1.109380 0.921875 0.158675 1.000000
0.500000 1.125000 0.453125 0.133062 0.000000
0.500000 1.109380 0.453125 0.158305 1.000000
0.500000 1.140620 0.468750 0.133067 0.000000
0.500000 1.156250 0.468750 0.159992 1.000000
0.546875 1.187500 0.609375 0.134574 0.000000
0.578125 1.187500 0.578125 0.156233 1.000000
0.453125 1.140620 0.000000 0.187876 0.000000
0.437500 1.156250 0.000000 0.232481 1.000000
0.468750 1.312500 0.796875 0.320065 0.000000
0.437500 1.250000 0.750000 0.357140 1.000000
0.484375 0.968750 0.359375 0.401543 2.000000
