0.468750 1.281250 0.718750 0.632600 2.000000
0.468750 1.312500 0.765625 0.700797 3.000000
0.484375 1.312500 0.687500 0.673249 3.000000
0.515625 1.171880 0.937500 0.548060 2.000000
0.484375 1.109380 0.953125 0.605536 3.000000
0.500000 1.281250 0.593750 0.515106 2.000000
0.484375 1.125000 0.562500 0.602659 3.000000
0.468750 1.125000 0.781250 0.569710 2.000000
0.468750 1.109380 0.796875 0.595822 3.000000
0.437500 1.265620 0.859375 0.552192 2.000000
0.453125 1.265620 0.875000 0.593806 3.000000
0.437500 1.265620 0.828125 0.587774 3.000000
0.468750 1.015620 0.750000 0.534041 2.000000
0.468750 0.937500 0.765625 0.576381 3.000000
0.515625 1.187500 0.937500 0.571056 3.000000
0.484375 0.875000 0.859375 0.507310 2.000000
0.468750 1.015620 0.875000 0.548808 3.000000
0.484375 0.875000 0.734375 0.517025 2.000000
0.484375 0.921875 0.718750 0.539261 3.000000
0.453125 1.125000 0.890625 0.513563 2.000000
0.453125 1.093750 0.875000 0.538423 3.000000
0.484375 1.109380 0.500000 0.480816 2.000000
0.468750 1.093750 0.484375 0.530830 3.000000
0.468750 0.984375 0.109375 0.424260 2.000000
0.453125 1.031250 0.062500 0.529362 3.000000
0.484375 1.062500 0.640625 0.484038 2.000000
0.500000 1.015620 0.625000 0.513893 3.000000
0.468750 0.859375 0.609375 0.469819 2.000000
0.484375 0.875000 0.593750 0.502444 3.000000
0.484375 1.062500 0.578125 0.470946 2.000000
0.484375 1.015620 0.578125 0.495301 3.000000
0.453125 1.015620 0.406250 0.434062 2.000000
0.500000 1.000000 0.375000 0.493023 3.000000
0.484375 0.921875 0.562500 0.466852 2.000000
0.484375 0.875000 0.546875 0.491064 3.000000
0.484375 0.968750 0.125000 0.460312 3.000000
0.484375 1.015620 0.000000 0.418820 2.000000
0.468750 0.906250 0.015625 0.451501 3.000000
0.484375 0.968750 0.359375 0.423267 2.000000
0.468750 0.953125 0.328125 0.447623 3.000000
0.468750 0.828125 0.359375 0.360221 2.000000
0.468750 0.843750 0.390625 0.385391 3.000000
0.500000 1.078120 0.390625 0.361778 2.000000
0.515625 1.078120 0.406250 0.384950 3.000000
0.437500 1.078120 0.984375 0.305019 2.000000
0.421875 1.093750 0.984375 0.329296 3.000000
0.468750 0.578125 0.734375 0.191436 2.000000
0.421875 0.531250 0.734375 0.272359 3.000000
0.484375 0.578125 0.750000 0.189830 2.000000
0.531250 0.531250 0.734375 0.272301 3.000000
0.421875 0.531250 0.265625 0.189869 2.000000
0.421875 0.531250 0.000000 0.234494 3.000000
0.531250 0.531250 0.234375 0.189303 2.000000
0.531250 0.531250 0.000000 0.233462 3.000000
0.468750 0.453125 0.000000 0.000000 0.000000
0.546875 0.062500 0.296875 0.049890 1.000000
0.250000 1.187500 0.593750 0.000740 0.000000
0.359375 1.281250 0.578125 0.039068 1.000000
0.609375 1.187500 0.578125 0.008029 0.000000
0.625000 1.203120 0.546875 0.039665 1.000000
0.484375 1.281250 0.984375 0.011939 0.000000
0.593750 1.296880 0.984375 0.044669 1.000000
0.609375 1.156250 0.921875 0.012173 0.000000
0.609375 1.156250 0.953125 0.049378 1.000000
0.312500 1.078120 0.734375 0.014591 0.000000
0.312500 1.093750 0.750000 0.047827 1.000000
0.375000 1.281250 0.578125 0.014689 0.000000
0.390625 0.937500 0.250000 0.032050 0.000000
0.375000 0.937500 0.265625 0.080849 1.000000
0.453125 1.281250 0.953125 0.032766 0.000000
0.437500 1.281250 0.968750 0.059547 1.000000
0.562500 0.937500 0.234375 0.040108 0.000000
0.593750 0.921875 0.234375 0.070681 1.000000
0.515625 1.109380 0.484375 0.111318 0.000000
0.531250 1.093750 0.468750 0.142223 1.000000
0.437500 1.140620 0.968750 0.155076 0.000000
0.406250 1.125000 0.937500 0.181727 1.000000
0.531250 1.234380 0.843750 0.193521 0.000000
0.531250 1.218750 0.843750 0.220965 1.000000
0.453125 1.125000 0.000000 0.223411 0.000000
0.453125 1.156250 0.015625 0.259087 1.000000
0.468750 1.265620 0.796875 0.326428 0.000000
0.453125 1.265620 0.781250 0.349215 1.000000
0.453125 1.265620 0.828125 0.540669 2.000000
0.453125 1.156250 0.859375 0.511112 2.000000
0.468750 0.953125 0.187500 0.405955 2.000000
