0.484375 1.421880 0.718750 0.669238 2.000000
0.468750 1.375000 0.703125 0.703265 3.000000
0.484375 1.468750 0.718750 0.690983 3.000000
0.484375 1.375000 0.671875 0.632578 2.000000
0.500000 1.375000 0.687500 0.660344 3.000000
0.453125 1.390620 0.812500 0.600972 2.000000
0.484375 1.359380 0.859375 0.656768 3.000000
0.468750 1.203120 0.828125 0.578541 2.000000
0.468750 1.171880 0.812500 0.640802 3.000000
0.453125 1.453120 0.812500 0.623608 3.000000
0.484375 1.250000 0.859375 0.584789 2.000000
0.484375 1.187500 0.859375 0.617531 3.000000
0.453125 1.328120 0.781250 0.594671 2.000000
0.453125 1.281250 0.781250 0.616886 3.000000
0.468750 1.218750 0.718750 0.575408 2.000000
0.453125 1.218750 0.703125 0.598014 3.000000
0.484375 1.203120 0.562500 0.538309 2.000000
0.500000 1.218750 0.562500 0.593516 3.000000
0.468750 1.093750 0.437500 0.441835 2.000000
0.453125 1.156250 0.484375 0.574371 3.000000
0.468750 1.156250 0.578125 0.566864 3.000000
0.453125 1.062500 0.671875 0.530992 2.000000
0.468750 0.968750 0.656250 0.554186 3.000000
0.453125 1.296880 0.625000 0.508006 2.000000
0.437500 1.328120 0.593750 0.542121 3.000000
0.515625 1.281250 0.578125 0.504970 2.000000
0.531250 1.281250 0.578125 0.529637 3.000000
0.437500 1.171880 0.953125 0.489022 2.000000
0.453125 1.140620 0.968750 0.527040 3.000000
0.453125 1.062500 0.046875 0.392006 2.000000
0.437500 1.093750 0.000000 0.521244 3.000000
0.421875 1.187500 0.953125 0.513023 3.000000
0.515625 1.078120 0.906250 0.454495 2.000000
0.515625 1.093750 0.921875 0.497310 3.000000
0.484375 0.984375 0.125000 0.413265 2.000000
0.500000 1.031250 0.093750 0.494494 3.000000
0.484375 1.046880 0.390625 0.490190 3.000000
0.515625 1.140620 0.531250 0.447101 2.000000
0.515625 1.093750 0.531250 0.474155 3.000000
0.468750 0.906250 0.062500 0.381121 2.000000
0.484375 0.890625 0.000000 0.467286 3.000000
0.468750 0.968750 0.187500 0.413874 2.000000
0.468750 0.968750 0.171875 0.448975 3.000000
0.468750 0.968750 0.234375 0.437299 3.000000
0.468750 0.859375 0.390625 0.339155 2.000000
0.453125 0.828125 0.390625 0.369937 3.000000
0.484375 0.578125 0.687500 0.188578 2.000000
0.531250 0.531250 0.734375 0.272927 3.000000
0.421875 0.531250 0.265625 0.187710 2.000000
0.421875 0.531250 0.750000 0.272584 3.000000
0.531250 1.078120 0.984375 0.189834 2.000000
0.562500 1.125000 0.984375 0.235061 3.000000
0.531250 0.531250 0.281250 0.186479 2.000000
0.531250 0.531250 0.000000 0.233870 3.000000
0.421875 0.531250 0.000000 0.233755 3.000000
0.468750 0.453125 0.000000 0.000000 0.000000
0.750000 0.031250 0.500000 0.049905 1.000000
0.687500 1.234380 0.890625 0.000442 0.000000
0.562500 0.953125 0.250000 0.028183 0.000000
0.593750 0.937500 0.250000 0.091121 1.000000
0.359375 1.156250 0.890625 0.044831 0.000000
0.328125 1.140620 0.937500 0.067442 1.000000
0.375000 0.968750 0.234375 0.045772 0.000000
0.359375 0.968750 0.234375 0.081310 1.000000
0.515625 1.140620 0.984375 0.046634 0.000000
0.578125 1.140620 0.937500 0.130922 1.000000
0.500000 1.140620 0.000000 0.053137 0.000000
0.484375 1.140620 0.000000 0.110863 1.000000
0.406250 1.046880 0.046875 0.086690 0.000000
0.406250 1.031250 0.031250 0.111392 1.000000
0.484375 1.156250 0.000000 0.087641 0.000000
0.375000 1.187500 0.781250 0.136606 0.000000
0.421875 1.156250 0.828125 0.162564 1.000000
0.515625 1.140620 0.468750 0.156679 0.000000
0.531250 1.140620 0.484375 0.182674 1.000000
0.484375 1.328120 0.796875 0.312152 0.000000
0.500000 1.328120 0.765625 0.370146 1.000000
0.484375 0.953125 0.593750 0.505873 2.000000
0.500000 1.140620 0.953125 0.452825 2.000000
0.484375 1.093750 0.515625 0.439410 2.000000
0.468750 0.578125 0.796875 0.186982 2.000000
0.500000 1.171880 0.015625 0.142052 1.000000
0.468750 1.328120 0.765625 0.594270 2.000000
0.468750 0.968750 0.265625 0.401567 2.000000
