0.468750 1.296880 0.796875 0.640422 2.000000
0.468750 1.421880 0.796875 0.682242 3.000000
0.453125 1.359380 0.718750 0.612653 2.000000
0.468750 1.421880 0.687500 0.676285 3.000000
0.484375 1.328120 0.828125 0.670553 3.000000
0.468750 1.343750 0.750000 0.618401 2.000000
0.453125 1.234380 0.734375 0.644654 3.000000
0.484375 1.187500 0.859375 0.547097 2.000000
0.484375 1.140620 0.859375 0.576919 3.000000
0.484375 1.359380 0.625000 0.460930 2.000000
0.546875 1.312500 0.609375 0.568182 3.000000
0.484375 1.046880 0.843750 0.523174 2.000000
0.484375 1.000000 0.843750 0.566676 3.000000
0.500000 1.031250 0.593750 0.475793 2.000000
0.484375 1.062500 0.562500 0.564674 3.000000
0.515625 1.109380 0.562500 0.469820 2.000000
0.500000 1.156250 0.562500 0.549383 3.000000
0.453125 1.062500 0.421875 0.457320 2.000000
0.453125 1.109380 0.453125 0.538079 3.000000
0.468750 0.921875 0.640625 0.512022 2.000000
0.484375 0.953125 0.625000 0.536290 3.000000
0.484375 0.921875 0.906250 0.501165 2.000000
0.484375 0.968750 0.921875 0.529729 3.000000
0.468750 0.953125 0.890625 0.528604 3.000000
0.484375 1.078120 0.062500 0.437451 2.000000
0.500000 1.125000 0.031250 0.523888 3.000000
0.484375 0.953125 0.593750 0.485560 2.000000
0.468750 0.953125 0.578125 0.511114 3.000000
0.500000 1.171880 0.921875 0.434593 2.000000
0.453125 1.203120 0.953125 0.500028 3.000000
0.468750 1.031250 0.093750 0.441163 2.000000
0.484375 1.015620 0.109375 0.492190 3.000000
0.468750 1.046880 0.406250 0.485528 3.000000
0.468750 1.062500 0.078125 0.480276 3.000000
0.500000 1.000000 0.000000 0.412554 2.000000
0.484375 0.953125 0.000000 0.470693 3.000000
0.468750 1.046880 0.531250 0.446774 2.000000
0.468750 1.046880 0.515625 0.470543 3.000000
0.484375 1.000000 0.140625 0.423535 2.000000
0.468750 1.000000 0.156250 0.451236 3.000000
0.500000 1.031250 0.000000 0.437662 3.000000
0.484375 1.031250 0.984375 0.392031 2.000000
0.484375 1.062500 0.984375 0.434835 3.000000
0.515625 1.140620 0.406250 0.297018 2.000000
0.531250 1.140620 0.406250 0.327690 3.000000
0.468750 0.578125 0.703125 0.189217 2.000000
0.421875 0.531250 0.718750 0.272753 3.000000
0.531250 0.531250 0.312500 0.189777 2.000000
0.531250 0.531250 0.765625 0.272525 3.000000
0.531250 0.531250 0.015625 0.236606 3.000000
0.421875 0.531250 0.218750 0.185570 2.000000
0.421875 0.531250 0.000000 0.233756 3.000000
0.468750 0.453125 0.000000 0.000000 0.000000
0.359375 0.031250 0.484375 0.049914 1.000000
0.203125 1.234380 0.828125 0.000643 0.000000
0.656250 1.218750 0.812500 0.029753 1.000000
0.609375 1.156250 0.796875 0.005611 0.000000
0.625000 1.171880 0.671875 0.010750 0.000000
0.609375 1.218750 0.640625 0.041122 1.000000
0.343750 1.359380 0.562500 0.012054 0.000000
0.328125 1.375000 0.578125 0.039849 1.000000
0.562500 1.328120 0.937500 0.020830 0.000000
0.578125 1.328120 0.937500 0.045212 1.000000
0.562500 1.421880 0.640625 0.021112 0.000000
0.625000 1.375000 0.687500 0.052140 1.000000
0.546875 1.046880 0.593750 0.021229 0.000000
0.578125 1.031250 0.578125 0.054777 1.000000
0.375000 1.359380 0.531250 0.023526 0.000000
0.359375 1.359380 0.531250 0.046136 1.000000
0.546875 1.109380 0.468750 0.042579 0.000000
0.578125 1.078120 0.500000 0.082501 1.000000
0.578125 0.968750 0.234375 0.059026 0.000000
0.593750 0.968750 0.234375 0.092502 1.000000
0.546875 1.171880 0.921875 0.063366 0.000000
0.562500 1.140620 0.921875 0.098134 1.000000
0.390625 0.968750 0.265625 0.066067 0.000000
0.359375 0.968750 0.265625 0.088703 1.000000
0.531250 1.078120 0.437500 0.068924 0.000000
0.531250 1.078120 0.453125 0.096471 1.000000
0.421875 1.187500 0.546875 0.083358 0.000000
0.390625 1.187500 0.609375 0.143971 1.000000
0.390625 1.265620 0.734375 0.194329 0.000000
0.390625 1.218750 0.734375 0.256819 1.000000
0.500000 1.250000 0.656250 0.213924 0.000000
0.531250 1.250000 0.625000 0.241955 1.000000
0.531250 1.171880 0.000000 0.228136 0.000000
0.546875 1.203120 0.000000 0.255079 1.000000
0.421875 1.359380 0.828125 0.296446 0.000000
0.406250 1.343750 0.812500 0.318040 1.000000
0.484375 0.937500 0.859375 0.498016 2.000000
0.468750 0.953125 0.453125 0.407167 2.000000
0.500000 1.062500 0.000000 0.408922 2.000000
0.484375 0.578125 0.718750 0.187726 2.000000
0.468750 0.984375 0.265625 0.404551 2.000000
