0.453125 1.187500 0.828125 0.581218 2.000000
0.468750 1.140620 0.859375 0.653376 3.000000
0.468750 1.218750 0.703125 0.612100 2.000000
0.468750 1.218750 0.734375 0.639568 3.000000
0.484375 1.203120 0.687500 0.638615 3.000000
0.484375 1.218750 0.796875 0.600287 2.000000
0.484375 1.187500 0.781250 0.637495 3.000000
0.468750 1.218750 0.812500 0.628947 3.000000
0.484375 1.109380 0.937500 0.519810 2.000000
0.468750 1.078120 0.968750 0.592472 3.000000
0.468750 1.078120 0.796875 0.554033 2.000000
0.468750 1.031250 0.765625 0.585541 3.000000
0.437500 1.078120 0.703125 0.547363 2.000000
0.437500 1.046880 0.718750 0.584072 3.000000
0.468750 1.203120 0.593750 0.550303 2.000000
0.468750 1.234380 0.578125 0.574258 3.000000
0.484375 0.890625 0.250000 0.402045 2.000000
0.453125 1.046880 0.000000 0.566439 3.000000
0.500000 1.156250 0.906250 0.538265 2.000000
0.500000 1.156250 0.921875 0.563950 3.000000
0.484375 1.031250 0.640625 0.516832 2.000000
0.484375 1.000000 0.656250 0.547975 3.000000
0.484375 1.031250 0.453125 0.501053 2.000000
0.468750 1.015620 0.437500 0.526287 3.000000
0.468750 0.953125 0.859375 0.500126 2.000000
0.484375 0.953125 0.890625 0.523190 3.000000
0.468750 0.875000 0.531250 0.459020 2.000000
0.484375 0.906250 0.515625 0.488802 3.000000
0.468750 0.937500 0.031250 0.387722 2.000000
0.484375 0.906250 0.015625 0.438632 3.000000
0.484375 0.578125 0.750000 0.189542 2.000000
0.531250 0.531250 0.750000 0.273494 3.000000
0.468750 0.578125 0.765625 0.191273 2.000000
0.421875 0.531250 0.750000 0.271854 3.000000
0.421875 0.531250 0.234375 0.187614 2.000000
0.421875 0.531250 0.015625 0.236449 3.000000
0.531250 0.531250 0.218750 0.184762 2.000000
0.531250 0.531250 0.000000 0.234602 3.000000
0.468750 0.453125 0.000000 0.000000 0.000000
0.718750 0.218750 0.187500 0.049920 1.000000
0.218750 1.093750 0.765625 0.000574 0.000000
0.406250 1.234380 0.515625 0.029031 1.000000
0.687500 1.125000 0.531250 0.001823 0.000000
0.593750 1.125000 0.843750 0.006912 0.000000
0.609375 1.109380 0.875000 0.034619 1.000000
0.421875 1.234380 0.562500 0.011129 0.000000
0.437500 1.234380 0.546875 0.048203 1.000000
0.625000 1.031250 0.718750 0.011403 0.000000
0.625000 1.046880 0.734375 0.034222 1.000000
0.375000 1.203120 0.593750 0.011689 0.000000
0.343750 1.171880 0.609375 0.050946 1.000000
0.640625 1.062500 0.765625 0.012024 0.000000
0.406250 0.890625 0.203125 0.044055 0.000000
0.375000 0.890625 0.203125 0.073584 1.000000
0.375000 1.078120 0.921875 0.046303 0.000000
0.359375 1.078120 0.921875 0.070931 1.000000
0.562500 0.890625 0.250000 0.046657 0.000000
0.578125 0.890625 0.250000 0.075007 1.000000
0.515625 1.078120 0.000000 0.239257 0.000000
0.546875 1.078120 0.000000 0.272950 1.000000
0.484375 1.265620 0.750000 0.585828 2.000000
0.656250 1.078120 0.750000 0.035902 1.000000
