0.468750 1.125000 0.812500 0.599709 2.000000
0.468750 1.109380 0.828125 0.652535 3.000000
0.484375 1.109380 0.734375 0.608537 2.000000
0.484375 1.171880 0.750000 0.650912 3.000000
0.484375 1.125000 0.718750 0.642993 3.000000
0.468750 1.093750 0.656250 0.557951 2.000000
0.468750 1.093750 0.625000 0.601051 3.000000
0.484375 1.062500 0.921875 0.540379 2.000000
0.484375 1.093750 0.921875 0.573598 3.000000
0.468750 1.093750 0.593750 0.518334 2.000000
0.468750 1.062500 0.562500 0.565268 3.000000
0.484375 1.015620 0.953125 0.563554 3.000000
0.484375 0.953125 0.625000 0.504143 2.000000
0.484375 0.906250 0.609375 0.533581 3.000000
0.468750 0.984375 0.484375 0.498613 2.000000
0.468750 0.968750 0.468750 0.524514 3.000000
0.468750 0.906250 0.093750 0.423478 2.000000
0.468750 0.968750 0.015625 0.486707 3.000000
0.468750 0.890625 0.109375 0.447335 3.000000
0.468750 0.578125 0.796875 0.186400 2.000000
0.421875 0.531250 0.781250 0.272381 3.000000
0.484375 0.578125 0.812500 0.188648 2.000000
0.531250 0.531250 0.734375 0.272161 3.000000
0.421875 0.531250 0.265625 0.184204 2.000000
0.421875 0.531250 0.000000 0.233564 3.000000
0.531250 0.531250 0.281250 0.188356 2.000000
0.531250 0.531250 0.000000 0.232942 3.000000
0.468750 0.453125 0.000000 0.000000 0.000000
0.750000 0.093750 0.437500 0.049903 1.000000
0.687500 1.046880 0.890625 0.000943 0.000000
0.656250 1.031250 0.812500 0.029093 1.000000
0.234375 1.031250 0.734375 0.001175 0.000000
0.437500 1.140620 0.953125 0.042131 1.000000
0.609375 1.031250 0.812500 0.003047 0.000000
0.625000 1.015620 0.718750 0.006561 0.000000
0.640625 1.015620 0.781250 0.036721 1.000000
0.546875 0.843750 0.234375 0.008893 0.000000
0.562500 0.843750 0.234375 0.062762 1.000000
0.406250 0.843750 0.250000 0.025276 0.000000
0.390625 0.859375 0.203125 0.068649 1.000000
0.515625 1.015620 0.000000 0.296804 0.000000
0.515625 1.000000 0.000000 0.323687 1.000000
0.484375 1.062500 0.890625 0.540160 2.000000
0.468750 0.843750 0.265625 0.387851 2.000000
