0 1
0 2
3 4
5 6
7 8
9 10
11 12
7 13
11 14
15 16
17 18
17 19
20 21
22 23
24 25
26 27
28 29
24 30
31 32
33 34
35 36
37 38
39 40
41 42
43 44
45 46
47 48
49 50
45 51
52 53
54 55
56 55
57 58
59 60
61 62
63 64
65 66
67 68
69 70
71 70
72 73
74 75
76 77
78 79
80 81
82 83
84 85
86 87
5 0
88 7
89 11
90 17
37 24
91 45
55 60
70 92
9 5
41 37
60 58
88 9
93 41
58 62
89 88
62 64
22 89
64 53
90 22
53 68
20 90
68 66
3 20
66 73
26 3
73 92
28 26
92 75
15 28
75 77
33 15
77 79
31 33
79 81
39 31
81 49
35 39
49 91
93 35
91 43
85 93
43 83
87 85
83 47
47 87
