0.468750 1.250000 0.750000 0.613687 2.000000
0.468750 1.265620 0.796875 0.695865 3.000000
0.468750 1.375000 0.671875 0.676252 3.000000
0.468750 1.453120 0.734375 0.576432 2.000000
0.468750 1.468750 0.750000 0.630257 3.000000
0.468750 1.218750 0.687500 0.606601 2.000000
0.484375 1.187500 0.671875 0.628311 3.000000
0.484375 1.078120 0.750000 0.586458 2.000000
0.468750 1.093750 0.734375 0.611409 3.000000
0.500000 1.250000 0.843750 0.529386 2.000000
0.515625 1.265620 0.859375 0.564060 3.000000
0.500000 1.078120 0.578125 0.462017 2.000000
0.531250 1.250000 0.578125 0.553745 3.000000
0.500000 0.953125 0.609375 0.483022 2.000000
0.484375 1.000000 0.562500 0.547512 3.000000
0.500000 1.125000 0.906250 0.465379 2.000000
0.453125 1.171880 0.953125 0.532158 3.000000
0.484375 1.125000 0.484375 0.416777 2.000000
0.453125 1.078120 0.453125 0.529479 3.000000
0.484375 0.968750 0.640625 0.501328 2.000000
0.484375 0.906250 0.625000 0.524821 3.000000
0.500000 1.062500 0.062500 0.443837 2.000000
0.500000 1.093750 0.031250 0.523037 3.000000
0.484375 0.859375 0.906250 0.481766 2.000000
0.484375 0.921875 0.921875 0.518108 3.000000
0.500000 1.281250 0.906250 0.478360 2.000000
0.468750 1.296880 0.906250 0.503976 3.000000
0.468750 1.031250 0.078125 0.493502 3.000000
0.484375 1.031250 0.109375 0.439207 2.000000
0.484375 1.000000 0.109375 0.468243 3.000000
0.468750 0.953125 0.515625 0.434439 2.000000
0.468750 1.000000 0.515625 0.466174 3.000000
0.437500 1.000000 0.937500 0.414487 2.000000
0.437500 1.000000 0.953125 0.453713 3.000000
0.484375 0.968750 0.015625 0.415505 2.000000
0.484375 0.906250 0.000000 0.451903 3.000000
0.500000 0.984375 0.984375 0.409814 2.000000
0.484375 1.015620 0.984375 0.442799 3.000000
0.468750 0.937500 0.250000 0.409792 2.000000
0.468750 0.968750 0.312500 0.436661 3.000000
0.468750 1.109380 0.078125 0.372040 2.000000
0.453125 1.125000 0.078125 0.397260 3.000000
0.468750 0.578125 0.703125 0.188975 2.000000
0.421875 0.531250 0.718750 0.272402 3.000000
0.531250 0.531250 0.312500 0.189818 2.000000
0.531250 0.531250 0.765625 0.272198 3.000000
0.531250 0.531250 0.015625 0.236986 3.000000
0.421875 0.531250 0.218750 0.184557 2.000000
0.421875 0.531250 0.000000 0.233933 3.000000
0.468750 0.453125 0.000000 0.000000 0.000000
0.718750 0.125000 0.500000 0.049904 1.000000
0.734375 1.171880 0.640625 0.000595 0.000000
0.328125 1.015620 0.984375 0.031915 1.000000
0.609375 1.187500 0.812500 0.005268 0.000000
0.656250 1.171880 0.765625 0.032683 1.000000
0.390625 1.015620 0.968750 0.008770 0.000000
0.390625 0.968750 0.468750 0.011180 0.000000
0.359375 0.968750 0.453125 0.033769 1.000000
0.625000 1.140620 0.687500 0.012283 0.000000
0.609375 1.187500 0.640625 0.038960 1.000000
0.312500 1.109380 0.765625 0.012487 0.000000
0.296875 1.109380 0.750000 0.037326 1.000000
0.562500 0.937500 0.250000 0.013397 0.000000
0.593750 0.921875 0.234375 0.080643 1.000000
0.500000 1.296880 0.953125 0.014690 0.000000
0.453125 1.296880 0.968750 0.043886 1.000000
0.390625 0.953125 0.265625 0.037868 0.000000
0.375000 0.953125 0.187500 0.076639 1.000000
0.421875 1.156250 0.546875 0.131612 0.000000
0.406250 1.171880 0.578125 0.163924 1.000000
0.390625 1.203120 0.734375 0.203849 0.000000
0.390625 1.187500 0.703125 0.242861 1.000000
0.421875 1.265620 0.843750 0.238103 0.000000
0.421875 1.250000 0.859375 0.269855 1.000000
0.484375 0.578125 0.718750 0.187596 2.000000
0.468750 0.968750 0.343750 0.404239 2.000000
