0 1
2 3
2 4
0 5
6 7
8 9
8 10
11 12
13 14
15 16
17 18
19 20
21 22
23 24
25 26
27 28
29 30
31 32
33 34
35 36
23 37
38 39
38 40
41 42
43 44
41 45
46 47
48 49
50 51
52 53
50 54
55 56
57 58
59 60
61 62
63 64
65 62
66 67
68 69
70 71
72 73
74 75
76 77
78 79
80 81
82 2
82 0
83 8
46 23
84 38
85 41
86 50
62 64
6 82
43 46
64 57
83 6
85 43
57 60
11 83
87 85
60 67
15 11
67 71
17 15
71 69
19 17
69 75
21 19
75 73
27 21
73 77
31 27
77 55
33 31
55 86
25 33
86 52
35 25
52 79
13 35
79 48
84 13
48 81
29 84
81 87
87 29
