0.468750 1.296880 0.765625 0.619802 2.000000
0.484375 1.343750 0.796875 0.678735 3.000000
0.484375 1.312500 0.703125 0.643605 2.000000
0.484375 1.375000 0.687500 0.674117 3.000000
0.468750 1.312500 0.750000 0.665428 3.000000
0.484375 1.234380 0.625000 0.597692 2.000000
0.500000 1.296880 0.625000 0.640043 3.000000
0.468750 1.218750 0.625000 0.635623 3.000000
0.484375 1.187500 0.703125 0.606752 2.000000
0.484375 1.125000 0.703125 0.634456 3.000000
0.484375 1.281250 0.609375 0.549638 2.000000
0.484375 1.296880 0.609375 0.576622 3.000000
0.437500 1.125000 0.593750 0.514465 2.000000
0.468750 1.078120 0.578125 0.563519 3.000000
0.484375 1.109380 0.531250 0.442345 2.000000
0.484375 1.093750 0.453125 0.555078 3.000000
0.468750 1.015620 0.828125 0.487976 2.000000
0.484375 1.000000 0.812500 0.544659 3.000000
0.484375 1.046880 0.656250 0.507328 2.000000
0.484375 0.968750 0.640625 0.531605 3.000000
0.468750 1.093750 0.937500 0.499539 2.000000
0.468750 1.140620 0.937500 0.531377 3.000000
0.484375 1.046880 0.031250 0.456933 2.000000
0.468750 1.046880 0.046875 0.505338 3.000000
0.484375 1.015620 0.406250 0.414287 2.000000
0.468750 1.000000 0.375000 0.500986 3.000000
0.468750 0.859375 0.953125 0.446037 2.000000
0.484375 0.937500 0.968750 0.499245 3.000000
0.484375 0.968750 0.921875 0.470478 2.000000
0.484375 0.875000 0.921875 0.496664 3.000000
0.468750 0.843750 0.625000 0.468247 2.000000
0.484375 0.843750 0.609375 0.491100 3.000000
0.500000 1.078120 0.031250 0.483855 3.000000
0.484375 0.890625 0.500000 0.425995 2.000000
0.484375 0.859375 0.500000 0.462343 3.000000
0.468750 1.015620 0.078125 0.412427 2.000000
0.484375 1.000000 0.093750 0.448349 3.000000
0.500000 0.984375 0.453125 0.400058 2.000000
0.468750 0.906250 0.453125 0.448216 3.000000
0.468750 0.937500 0.250000 0.412136 2.000000
0.484375 0.937500 0.218750 0.435591 3.000000
0.453125 0.968750 0.015625 0.395727 2.000000
0.468750 0.843750 0.000000 0.429762 3.000000
0.437500 1.078120 0.984375 0.279723 2.000000
0.421875 1.109380 0.984375 0.317631 3.000000
0.484375 0.578125 0.781250 0.189672 2.000000
0.531250 0.531250 0.734375 0.272065 3.000000
0.468750 0.578125 0.796875 0.189604 2.000000
0.421875 0.531250 0.703125 0.272020 3.000000
0.531250 0.531250 0.234375 0.189672 2.000000
0.531250 0.531250 0.015625 0.236578 3.000000
0.421875 0.531250 0.234375 0.188594 2.000000
0.421875 0.531250 0.000000 0.233173 3.000000
0.468750 1.953120 0.234375 0.050008 2.000000
0.484375 1.390620 0.000000 0.080068 3.000000
0.468750 0.453125 0.000000 0.000000 0.000000
0.265625 0.046875 0.406250 0.049906 1.000000
0.218750 1.140620 0.703125 0.000386 0.000000
0.687500 1.140620 0.765625 0.026297 1.000000
0.656250 1.125000 0.734375 0.004120 0.000000
0.312500 1.093750 0.734375 0.013189 0.000000
0.328125 1.140620 0.656250 0.037337 1.000000
0.375000 1.234380 0.609375 0.016151 0.000000
0.343750 1.218750 0.625000 0.040587 1.000000
0.390625 0.937500 0.234375 0.029419 0.000000
0.359375 0.937500 0.234375 0.072289 1.000000
0.562500 0.937500 0.265625 0.038934 0.000000
0.578125 0.937500 0.281250 0.076745 1.000000
0.578125 1.156250 0.812500 0.106557 0.000000
0.593750 1.171880 0.828125 0.158216 1.000000
0.453125 1.140620 0.000000 0.255385 0.000000
0.453125 1.171880 0.000000 0.279689 1.000000
0.453125 1.328120 0.625000 0.255799 0.000000
0.406250 1.296880 0.656250 0.279412 1.000000
0.453125 1.281250 0.812500 0.355482 0.000000
0.437500 1.312500 0.843750 0.377056 1.000000
0.500000 1.281250 0.671875 0.575271 2.000000
0.484375 0.937500 0.203125 0.411152 2.000000
