0 1
2 3
2 4
5 6
5 7
8 9
10 11
12 13
14 15
16 17
18 19
20 21
22 23
24 25
26 27
16 28
22 29
30 31
32 33
34 35
36 37
38 39
40 41
42 43
44 45
42 46
32 47
48 49
50 51
52 53
54 55
56 57
58 59
60 61
62 63
64 65
66 61
67 68
69 70
71 72
73 74
75 76
77 78
79 68
80 81
82 83
84 85
86 87
88 87
89 90
91 92
93 94
95 96
97 98
99 100
101 102
103 104
105 2
105 5
14 16
106 22
107 42
107 32
61 65
68 108
87 109
0 105
110 14
10 107
65 72
24 0
111 10
72 70
106 24
70 74
8 106
74 78
110 8
78 63
18 110
63 59
12 18
59 76
20 12
76 81
34 20
81 83
36 34
83 108
26 36
108 85
38 26
85 90
40 38
90 109
30 40
109 92
44 30
92 94
111 44
94 96
48 111
96 54
102 48
54 56
104 102
56 50
100 104
50 52
98 100
52 98
