0.484375 1.093750 0.796875 0.582694 2.000000
0.484375 1.203120 0.718750 0.658844 3.000000
0.453125 1.125000 0.859375 0.591501 2.000000
0.453125 1.125000 0.875000 0.637440 3.000000
0.468750 1.140620 0.843750 0.633124 3.000000
0.468750 1.093750 0.593750 0.568600 2.000000
0.500000 1.140620 0.625000 0.613332 3.000000
0.484375 1.078120 0.812500 0.606965 3.000000
0.484375 1.078120 0.546875 0.604113 3.000000
0.500000 1.140620 0.671875 0.569300 2.000000
0.500000 1.093750 0.687500 0.595725 3.000000
0.484375 1.093750 0.921875 0.553459 2.000000
0.484375 1.062500 0.953125 0.588004 3.000000
0.468750 0.890625 0.046875 0.409108 2.000000
0.484375 1.031250 0.000000 0.540057 3.000000
0.484375 0.984375 0.906250 0.472242 2.000000
0.484375 0.968750 0.906250 0.508504 3.000000
0.484375 0.953125 0.562500 0.471969 2.000000
0.484375 0.921875 0.546875 0.497573 3.000000
0.468750 0.875000 0.000000 0.443581 3.000000
0.531250 0.531250 0.250000 0.189862 2.000000
0.531250 0.531250 0.718750 0.272285 3.000000
0.468750 0.578125 0.734375 0.189645 2.000000
0.421875 0.531250 0.734375 0.272232 3.000000
0.531250 0.531250 0.000000 0.232473 3.000000
0.421875 0.531250 0.218750 0.189140 2.000000
0.421875 0.531250 0.031250 0.232070 3.000000
0.468750 0.453125 0.000000 0.000000 0.000000
0.281250 0.125000 0.218750 0.049910 1.000000
0.234375 1.062500 0.734375 0.000586 0.000000
0.515625 1.171880 0.000000 0.036094 1.000000
0.703125 1.078120 0.578125 0.001016 0.000000
0.609375 1.125000 0.859375 0.010713 0.000000
0.640625 1.109380 0.875000 0.036885 1.000000
0.593750 1.078120 0.921875 0.026817 0.000000
0.625000 1.093750 0.937500 0.052876 1.000000
0.406250 0.875000 0.218750 0.030350 0.000000
0.390625 0.875000 0.203125 0.064146 1.000000
0.484375 1.234380 0.562500 0.036597 0.000000
0.562500 1.187500 0.562500 0.058832 1.000000
0.546875 0.875000 0.234375 0.038927 0.000000
0.578125 0.875000 0.234375 0.067789 1.000000
0.453125 1.109380 0.531250 0.333758 0.000000
0.437500 1.093750 0.531250 0.363277 1.000000
0.484375 1.125000 0.828125 0.573988 2.000000
0.500000 1.078120 0.656250 0.556190 2.000000
0.484375 0.875000 0.203125 0.397019 2.000000
0.484375 0.578125 0.781250 0.188890 2.000000
