0 1
2 3
0 4
5 6
7 8
9 10
11 12
13 14
15 16
17 18
19 20
21 22
19 23
24 25
26 27
28 29
30 31
32 33
34 35
36 37
38 39
40 41
42 43
44 45
46 47
32 48
49 50
51 52
53 54
55 56
57 58
57 59
60 61
62 63
64 65
66 67
68 69
70 71
72 73
74 75
76 75
77 78
79 80
81 82
83 84
85 86
87 88
89 80
90 91
92 93
94 95
96 93
97 98
99 100
101 98
102 103
104 105
106 107
108 109
110 111
112 113
114 115
2 0
24 19
46 32
55 57
75 78
80 116
93 117
98 118
7 2
119 24
49 46
78 88
15 7
53 49
88 82
9 15
120 53
82 84
11 9
84 86
13 11
86 73
17 13
73 116
21 17
116 91
5 21
91 95
28 5
95 118
26 28
118 103
34 26
103 117
36 34
117 100
119 36
100 107
38 119
107 105
40 38
105 70
30 40
70 64
44 30
64 68
42 44
68 109
51 42
109 66
120 51
66 111
115 120
111 113
55 115
113 60
62 55
60 62
