0.484375 1.234380 0.750000 0.591261 2.000000
0.484375 1.203120 0.718750 0.664918 3.000000
0.468750 1.203120 0.828125 0.561634 2.000000
0.468750 1.140620 0.906250 0.623371 3.000000
0.500000 1.234380 0.765625 0.621199 3.000000
0.468750 1.078120 0.640625 0.565222 2.000000
0.453125 1.125000 0.671875 0.620526 3.000000
0.484375 1.156250 0.609375 0.607553 3.000000
0.468750 1.218750 0.796875 0.572587 2.000000
0.453125 1.203120 0.796875 0.602563 3.000000
0.468750 1.031250 0.468750 0.485240 2.000000
0.453125 1.078120 0.515625 0.570911 3.000000
0.468750 1.031250 0.843750 0.533278 2.000000
0.468750 1.015620 0.828125 0.567152 3.000000
0.500000 1.296880 0.765625 0.519600 2.000000
0.484375 1.343750 0.765625 0.565212 3.000000
0.484375 1.328120 0.687500 0.530593 2.000000
0.500000 1.343750 0.687500 0.556128 3.000000
0.484375 1.015620 0.031250 0.490545 2.000000
0.484375 1.046880 0.000000 0.530276 3.000000
0.484375 1.000000 0.437500 0.521993 3.000000
0.468750 1.000000 0.046875 0.517329 3.000000
0.484375 0.890625 0.593750 0.474123 2.000000
0.484375 0.906250 0.578125 0.496941 3.000000
0.468750 0.953125 0.078125 0.429305 2.000000
0.484375 0.953125 0.093750 0.478001 3.000000
0.468750 0.578125 0.734375 0.190143 2.000000
0.421875 0.531250 0.734375 0.272097 3.000000
0.531250 0.531250 0.218750 0.189758 2.000000
0.531250 0.531250 0.718750 0.271964 3.000000
0.421875 0.531250 0.281250 0.189463 2.000000
0.421875 0.531250 0.000000 0.240364 3.000000
0.531250 0.531250 0.000000 0.233210 3.000000
0.500000 1.875000 0.343750 0.050274 2.000000
0.468750 1.265620 0.000000 0.081695 3.000000
0.468750 0.453125 0.000000 0.000000 0.000000
0.218750 0.125000 0.156250 0.049909 1.000000
0.703125 1.125000 0.921875 0.000748 0.000000
0.546875 1.203120 0.000000 0.024238 1.000000
0.250000 1.109380 0.906250 0.001068 0.000000
0.359375 1.156250 0.625000 0.008511 0.000000
0.328125 1.156250 0.578125 0.031625 1.000000
0.531250 1.203120 0.531250 0.011239 0.000000
0.515625 1.203120 0.531250 0.048525 1.000000
0.359375 1.062500 0.562500 0.020345 0.000000
0.343750 1.078120 0.546875 0.047240 1.000000
0.546875 1.203120 0.953125 0.025045 0.000000
0.546875 1.203120 0.968750 0.065976 1.000000
0.562500 0.890625 0.250000 0.036616 0.000000
0.578125 0.890625 0.250000 0.067236 1.000000
0.406250 0.890625 0.234375 0.043013 0.000000
0.375000 0.875000 0.218750 0.079855 1.000000
0.453125 1.156250 0.703125 0.556855 2.000000
0.515625 1.015620 0.562500 0.466967 2.000000
0.484375 0.578125 0.750000 0.188506 2.000000
0.468750 0.890625 0.218750 0.403093 2.000000
