0.468750 1.343750 0.781250 0.662430 2.000000
0.468750 1.343750 0.796875 0.694639 3.000000
0.484375 1.406250 0.765625 0.689794 3.000000
0.484375 1.250000 0.703125 0.619686 2.000000
0.500000 1.296880 0.703125 0.646443 3.000000
0.468750 1.234380 0.703125 0.644848 3.000000
0.515625 1.359380 0.687500 0.604864 2.000000
0.531250 1.390620 0.671875 0.639507 3.000000
0.484375 1.125000 0.718750 0.558060 2.000000
0.484375 1.062500 0.734375 0.618728 3.000000
0.468750 1.125000 0.812500 0.539238 2.000000
0.484375 1.078120 0.859375 0.595743 3.000000
0.468750 1.171880 0.671875 0.559839 2.000000
0.468750 1.140620 0.656250 0.591535 3.000000
0.453125 1.500000 0.765625 0.565661 2.000000
0.437500 1.500000 0.765625 0.589052 3.000000
0.531250 1.265620 0.921875 0.477714 2.000000
0.500000 1.171880 0.984375 0.568391 3.000000
0.468750 0.968750 0.781250 0.535506 2.000000
0.468750 0.953125 0.796875 0.567335 3.000000
0.484375 1.296880 0.625000 0.484577 2.000000
0.500000 1.234380 0.531250 0.561742 3.000000
0.484375 1.125000 0.046875 0.456952 2.000000
0.500000 1.171880 0.000000 0.547281 3.000000
0.468750 1.078120 0.640625 0.504152 2.000000
0.468750 0.968750 0.609375 0.541421 3.000000
0.484375 1.328120 0.906250 0.491828 2.000000
0.531250 1.312500 0.921875 0.536359 3.000000
0.468750 1.078120 0.078125 0.524996 3.000000
0.468750 0.875000 0.875000 0.482087 2.000000
0.484375 0.906250 0.906250 0.512194 3.000000
0.468750 0.984375 0.578125 0.437018 2.000000
0.453125 1.000000 0.578125 0.501017 3.000000
0.453125 1.265620 0.531250 0.452192 2.000000
0.453125 1.281250 0.531250 0.475399 3.000000
0.484375 0.906250 0.515625 0.436877 2.000000
0.484375 0.968750 0.500000 0.475058 3.000000
0.468750 1.062500 0.000000 0.403522 2.000000
0.468750 0.953125 0.000000 0.471914 3.000000
0.468750 1.062500 0.406250 0.444332 2.000000
0.453125 1.046880 0.390625 0.468575 3.000000
0.468750 1.031250 0.375000 0.423268 2.000000
0.484375 1.015620 0.359375 0.467849 3.000000
0.484375 1.046880 0.125000 0.437269 2.000000
0.484375 1.015620 0.125000 0.460570 3.000000
0.453125 1.000000 0.421875 0.405683 2.000000
0.468750 0.953125 0.437500 0.459737 3.000000
0.468750 1.062500 0.562500 0.405250 2.000000
0.468750 1.078120 0.562500 0.435048 3.000000
0.484375 0.859375 0.093750 0.371787 2.000000
0.468750 0.906250 0.125000 0.393706 3.000000
0.484375 0.578125 0.781250 0.190294 2.000000
0.531250 0.531250 0.718750 0.272532 3.000000
0.468750 0.578125 0.734375 0.190370 2.000000
0.421875 0.531250 0.734375 0.272401 3.000000
0.531250 0.531250 0.250000 0.188945 2.000000
0.531250 0.531250 0.000000 0.232168 3.000000
0.421875 0.531250 0.281250 0.186109 2.000000
0.421875 0.531250 0.000000 0.232112 3.000000
0.468750 0.453125 0.000000 0.000000 0.000000
0.265625 0.015625 0.437500 0.049899 1.000000
0.218750 1.203120 0.718750 0.000890 0.000000
0.343750 1.031250 0.484375 0.030583 1.000000
0.406250 0.984375 0.531250 0.004404 0.000000
0.312500 1.125000 0.718750 0.006595 0.000000
0.296875 1.156250 0.703125 0.041108 1.000000
0.546875 1.031250 0.937500 0.007597 0.000000
0.593750 1.031250 0.968750 0.044753 1.000000
0.531250 0.921875 0.515625 0.012112 0.000000
0.609375 0.937500 0.484375 0.036767 1.000000
0.390625 1.234380 0.562500 0.027403 0.000000
0.359375 1.203120 0.562500 0.062898 1.000000
0.484375 1.312500 0.484375 0.028888 0.000000
0.546875 1.296880 0.468750 0.053343 1.000000
0.484375 1.421880 0.906250 0.032377 0.000000
0.343750 1.437500 0.875000 0.069727 1.000000
0.578125 1.171880 0.843750 0.033478 0.000000
0.578125 1.187500 0.859375 0.076551 1.000000
0.437500 1.296880 0.500000 0.037421 0.000000
0.437500 1.296880 0.484375 0.063515 1.000000
0.578125 0.968750 0.234375 0.039707 0.000000
0.609375 0.968750 0.234375 0.070462 1.000000
0.406250 1.265620 0.531250 0.051484 0.000000
0.406250 1.265620 0.515625 0.079545 1.000000
0.390625 0.968750 0.218750 0.060412 0.000000
0.359375 0.968750 0.281250 0.084234 1.000000
0.531250 1.312500 0.859375 0.107637 0.000000
0.546875 1.296880 0.843750 0.154388 1.000000
0.437500 1.187500 0.984375 0.120563 0.000000
0.406250 1.171880 0.921875 0.153514 1.000000
0.437500 1.171880 0.000000 0.133558 0.000000
0.437500 1.218750 0.000000 0.193597 1.000000
0.453125 1.437500 0.796875 0.330153 0.000000
0.437500 1.437500 0.796875 0.352954 1.000000
0.468750 1.453120 0.812500 0.341704 0.000000
0.453125 1.453120 0.812500 0.367159 1.000000
0.500000 1.375000 0.718750 0.590614 2.000000
0.484375 0.984375 0.281250 0.401841 2.000000
