0.453125 1.218750 0.796875 0.603119 2.000000
0.484375 1.250000 0.718750 0.682294 3.000000
0.468750 1.281250 0.828125 0.650980 3.000000
0.468750 1.125000 0.562500 0.520820 2.000000
0.500000 1.125000 0.531250 0.598485 3.000000
0.453125 1.171880 0.593750 0.592579 3.000000
0.484375 1.078120 0.500000 0.502870 2.000000
0.468750 1.062500 0.484375 0.552409 3.000000
0.484375 1.062500 0.640625 0.520734 2.000000
0.484375 1.046880 0.625000 0.544242 3.000000
0.484375 1.093750 0.953125 0.503497 2.000000
0.437500 1.125000 0.968750 0.541982 3.000000
0.484375 1.031250 0.609375 0.516602 2.000000
0.484375 1.000000 0.609375 0.539711 3.000000
0.500000 1.031250 0.921875 0.529945 3.000000
0.468750 0.921875 0.671875 0.488341 2.000000
0.468750 0.890625 0.656250 0.525143 3.000000
0.484375 1.015620 0.062500 0.443678 2.000000
0.453125 1.031250 0.015625 0.488716 3.000000
0.500000 0.968750 0.078125 0.484086 3.000000
0.484375 0.984375 0.937500 0.446474 2.000000
0.468750 0.968750 0.953125 0.472313 3.000000
0.484375 0.921875 0.000000 0.409916 2.000000
0.484375 0.890625 0.000000 0.431894 3.000000
0.484375 0.578125 0.812500 0.188946 2.000000
0.531250 0.531250 0.734375 0.272459 3.000000
0.468750 0.578125 0.796875 0.186831 2.000000
0.421875 0.531250 0.765625 0.271765 3.000000
0.421875 0.531250 0.265625 0.184418 2.000000
0.421875 0.531250 0.000000 0.233791 3.000000
0.531250 0.531250 0.281250 0.186341 2.000000
0.531250 0.531250 0.000000 0.233651 3.000000
0.468750 0.453125 0.000000 0.000000 0.000000
0.687500 0.078125 0.453125 0.049912 1.000000
0.250000 1.140620 0.890625 0.000697 0.000000
0.531250 1.218750 0.500000 0.028785 1.000000
0.703125 1.125000 0.593750 0.000892 0.000000
0.640625 1.078120 0.750000 0.007353 0.000000
0.656250 1.093750 0.687500 0.031255 1.000000
0.328125 1.062500 0.765625 0.011814 0.000000
0.312500 1.062500 0.750000 0.036685 1.000000
0.390625 0.906250 0.234375 0.034266 0.000000
0.375000 0.906250 0.203125 0.078962 1.000000
0.390625 1.203120 0.562500 0.034399 0.000000
0.390625 1.203120 0.546875 0.059355 1.000000
0.375000 1.109380 0.812500 0.121252 0.000000
0.375000 1.109380 0.828125 0.145085 1.000000
0.531250 1.093750 0.953125 0.134961 0.000000
0.546875 1.125000 0.953125 0.162390 1.000000
0.500000 1.093750 0.000000 0.183959 0.000000
0.484375 1.125000 0.015625 0.258609 1.000000
0.453125 1.218750 0.609375 0.519812 2.000000
0.515625 1.109380 0.906250 0.497439 2.000000
0.468750 0.906250 0.265625 0.398762 2.000000
