0.484375 1.093750 0.828125 0.574189 2.000000
0.484375 1.125000 0.687500 0.651125 3.000000
0.468750 1.093750 0.843750 0.636712 3.000000
0.453125 1.093750 0.859375 0.569319 2.000000
0.468750 1.093750 0.890625 0.623530 3.000000
0.468750 1.078120 0.593750 0.559101 2.000000
0.500000 1.109380 0.625000 0.611666 3.000000
0.484375 1.046880 0.546875 0.600263 3.000000
0.468750 1.015620 0.796875 0.569972 2.000000
0.484375 1.046880 0.812500 0.596127 3.000000
0.484375 1.062500 0.921875 0.556253 2.000000
0.484375 1.046880 0.953125 0.593223 3.000000
0.468750 0.859375 0.046875 0.400857 2.000000
0.484375 1.015620 0.000000 0.533058 3.000000
0.484375 0.984375 0.906250 0.463483 2.000000
0.484375 0.937500 0.906250 0.508398 3.000000
0.484375 0.937500 0.546875 0.462192 2.000000
0.484375 0.890625 0.546875 0.492931 3.000000
0.468750 0.843750 0.000000 0.433792 3.000000
0.468750 0.578125 0.734375 0.189525 2.000000
0.421875 0.531250 0.703125 0.272276 3.000000
0.531250 0.531250 0.296875 0.189193 2.000000
0.531250 0.531250 0.703125 0.272254 3.000000
0.531250 0.531250 0.000000 0.232541 3.000000
0.421875 0.531250 0.218750 0.188512 2.000000
0.421875 0.531250 0.031250 0.232155 3.000000
0.468750 0.453125 0.000000 0.000000 0.000000
0.281250 0.125000 0.218750 0.049908 1.000000
0.703125 1.062500 0.593750 0.001054 0.000000
0.640625 1.093750 0.859375 0.039323 1.000000
0.234375 1.046880 0.718750 0.001477 0.000000
0.328125 1.093750 0.671875 0.031009 1.000000
0.359375 1.031250 0.671875 0.007122 0.000000
0.406250 0.859375 0.234375 0.014408 0.000000
0.390625 0.875000 0.203125 0.062169 1.000000
0.609375 1.109380 0.859375 0.017681 0.000000
0.593750 1.046880 0.890625 0.018771 0.000000
0.609375 1.062500 0.859375 0.047829 1.000000
0.546875 0.859375 0.250000 0.018814 0.000000
0.578125 0.859375 0.218750 0.064235 1.000000
0.375000 1.125000 0.921875 0.020203 0.000000
0.359375 1.125000 0.921875 0.048528 1.000000
0.500000 1.078120 0.656250 0.545627 2.000000
0.468750 0.875000 0.250000 0.398457 2.000000
0.484375 0.578125 0.781250 0.188499 2.000000
0.500000 1.187500 0.250000 0.041454 1.000000
