0.484375 1.125000 0.734375 0.624233 2.000000
0.484375 1.140620 0.765625 0.656770 3.000000
0.468750 1.171880 0.796875 0.598443 2.000000
0.468750 1.140620 0.828125 0.655756 3.000000
0.484375 1.156250 0.718750 0.655273 3.000000
0.468750 1.125000 0.656250 0.567040 2.000000
0.484375 1.093750 0.640625 0.600385 3.000000
0.484375 1.093750 0.890625 0.543020 2.000000
0.500000 1.140620 0.906250 0.573074 3.000000
0.468750 1.125000 0.593750 0.520062 2.000000
0.468750 1.078120 0.562500 0.562005 3.000000
0.484375 0.968750 0.609375 0.508553 2.000000
0.484375 0.937500 0.609375 0.542285 3.000000
0.468750 0.953125 0.859375 0.507377 2.000000
0.484375 0.953125 0.875000 0.540846 3.000000
0.468750 1.015620 0.484375 0.505944 2.000000
0.468750 1.000000 0.468750 0.530801 3.000000
0.468750 0.875000 0.656250 0.470407 2.000000
0.468750 0.843750 0.656250 0.497857 3.000000
0.453125 0.921875 0.000000 0.418590 2.000000
0.468750 0.968750 0.031250 0.482161 3.000000
0.468750 0.906250 0.000000 0.440233 3.000000
0.468750 0.875000 0.000000 0.403801 2.000000
0.484375 0.843750 0.000000 0.431107 3.000000
0.484375 0.578125 0.812500 0.188781 2.000000
0.531250 0.531250 0.734375 0.272181 3.000000
0.468750 0.578125 0.796875 0.186500 2.000000
0.421875 0.531250 0.781250 0.272015 3.000000
0.421875 0.531250 0.265625 0.184127 2.000000
0.421875 0.531250 0.000000 0.233674 3.000000
0.531250 0.531250 0.281250 0.187501 2.000000
0.531250 0.531250 0.000000 0.233293 3.000000
0.468750 0.453125 0.000000 0.000000 0.000000
0.343750 0.031250 0.375000 0.049910 1.000000
0.718750 1.046880 0.734375 0.000837 0.000000
0.468750 1.171880 0.984375 0.027242 1.000000
0.265625 1.078120 0.578125 0.001086 0.000000
0.359375 1.156250 0.921875 0.028639 1.000000
0.437500 1.171880 0.953125 0.003836 0.000000
0.312500 1.046880 0.734375 0.007948 0.000000
0.296875 1.031250 0.765625 0.031125 1.000000
0.625000 1.031250 0.718750 0.008013 0.000000
0.640625 1.046880 0.703125 0.035694 1.000000
0.406250 0.859375 0.250000 0.014344 0.000000
0.390625 0.875000 0.203125 0.069639 1.000000
0.578125 1.078120 0.546875 0.015999 0.000000
0.593750 1.078120 0.546875 0.044098 1.000000
0.546875 0.859375 0.234375 0.018109 0.000000
0.562500 0.859375 0.234375 0.062625 1.000000
0.515625 1.031250 0.000000 0.277267 0.000000
0.531250 1.062500 0.000000 0.307801 1.000000
0.468750 0.859375 0.265625 0.391873 2.000000
