0.484375 1.437500 0.734375 0.659082 2.000000
0.468750 1.421880 0.703125 0.717285 3.000000
0.484375 1.500000 0.718750 0.684251 3.000000
0.484375 1.390620 0.687500 0.629081 2.000000
0.500000 1.406250 0.671875 0.679576 3.000000
0.484375 1.265620 0.843750 0.581054 2.000000
0.484375 1.375000 0.843750 0.650962 3.000000
0.484375 1.203120 0.781250 0.597410 2.000000
0.468750 1.203120 0.812500 0.626492 3.000000
0.468750 1.171880 0.765625 0.624673 3.000000
0.484375 1.187500 0.859375 0.624636 3.000000
0.484375 1.218750 0.562500 0.548988 2.000000
0.468750 1.187500 0.578125 0.585520 3.000000
0.500000 1.234380 0.562500 0.581402 3.000000
0.468750 1.000000 0.500000 0.448892 2.000000
0.453125 1.171880 0.484375 0.573539 3.000000
0.437500 1.187500 0.687500 0.549622 2.000000
0.437500 1.171880 0.687500 0.573287 3.000000
0.453125 1.046880 0.656250 0.537410 2.000000
0.468750 1.000000 0.656250 0.562252 3.000000
0.468750 1.031250 0.968750 0.453454 2.000000
0.437500 1.125000 0.984375 0.542626 3.000000
0.484375 1.015620 0.000000 0.393722 2.000000
0.421875 1.140620 0.000000 0.540158 3.000000
0.468750 0.984375 0.890625 0.501427 2.000000
0.468750 1.015620 0.906250 0.526039 3.000000
0.515625 1.281250 0.578125 0.492108 2.000000
0.531250 1.328120 0.593750 0.524190 3.000000
0.468750 1.109380 0.421875 0.441817 2.000000
0.500000 1.062500 0.390625 0.507190 3.000000
0.484375 1.015620 0.093750 0.429404 2.000000
0.500000 1.046880 0.093750 0.489610 3.000000
0.484375 0.906250 0.000000 0.471826 3.000000
0.515625 1.078120 0.531250 0.439639 2.000000
0.515625 1.093750 0.531250 0.464986 3.000000
0.484375 0.984375 0.125000 0.415423 2.000000
0.468750 1.000000 0.171875 0.453393 3.000000
0.468750 1.015620 0.093750 0.452078 3.000000
0.468750 1.015620 0.453125 0.411135 2.000000
0.468750 1.000000 0.453125 0.437334 3.000000
0.468750 0.890625 0.390625 0.343025 2.000000
0.453125 0.859375 0.390625 0.384460 3.000000
0.484375 0.578125 0.687500 0.188677 2.000000
0.531250 0.531250 0.734375 0.272954 3.000000
0.421875 0.531250 0.265625 0.188624 2.000000
0.421875 0.531250 0.750000 0.272801 3.000000
0.531250 0.531250 0.281250 0.187189 2.000000
0.531250 0.531250 0.000000 0.233962 3.000000
0.421875 0.531250 0.000000 0.233751 3.000000
0.546875 1.093750 0.984375 0.193104 2.000000
0.562500 1.140620 0.984375 0.224324 3.000000
0.468750 0.453125 0.000000 0.000000 0.000000
0.656250 0.015625 0.046875 0.049920 1.000000
0.703125 1.250000 0.875000 0.000757 0.000000
0.656250 1.203120 0.703125 0.031903 1.000000
0.656250 1.171880 0.750000 0.007466 0.000000
0.453125 1.359380 0.515625 0.008546 0.000000
0.484375 1.359380 0.500000 0.040346 1.000000
0.546875 0.937500 0.015625 0.013557 0.000000
0.593750 0.937500 0.031250 0.039160 1.000000
0.531250 1.125000 0.984375 0.021613 0.000000
0.531250 1.125000 0.968750 0.062469 1.000000
0.500000 1.140620 0.000000 0.030258 0.000000
0.468750 1.187500 0.000000 0.126757 1.000000
0.531250 1.140620 0.968750 0.032958 0.000000
0.375000 1.156250 0.531250 0.039662 0.000000
0.359375 1.171880 0.531250 0.069666 1.000000
0.562500 0.968750 0.265625 0.057518 0.000000
0.593750 0.968750 0.281250 0.097358 1.000000
0.375000 0.968750 0.250000 0.059882 0.000000
0.359375 0.968750 0.234375 0.085328 1.000000
0.375000 1.187500 0.859375 0.060488 0.000000
0.375000 1.171880 0.859375 0.092901 4.000000
0.390625 1.171880 0.859375 0.070552 0.000000
0.406250 1.046880 0.062500 0.072461 0.000000
0.390625 1.062500 0.015625 0.113745 1.000000
0.406250 1.296880 0.671875 0.227122 0.000000
0.406250 1.312500 0.656250 0.269779 1.000000
0.468750 1.250000 0.890625 0.230963 0.000000
0.453125 1.265620 0.906250 0.255463 1.000000
0.484375 1.375000 0.796875 0.317709 0.000000
0.484375 1.312500 0.765625 0.375933 1.000000
0.468750 1.203120 0.734375 0.595294 2.000000
0.468750 1.421880 0.765625 0.575582 2.000000
0.468750 0.953125 0.640625 0.513458 2.000000
0.468750 0.921875 0.078125 0.380947 2.000000
0.468750 0.578125 0.796875 0.186977 2.000000
0.562500 1.171880 0.953125 0.128071 1.000000
0.468750 1.000000 0.265625 0.394944 2.000000
