0.468750 1.109380 0.796875 0.603165 2.000000
0.468750 1.171880 0.812500 0.664651 3.000000
0.468750 1.109380 0.765625 0.635937 3.000000
0.453125 1.078120 0.750000 0.596240 2.000000
0.453125 1.125000 0.718750 0.621322 3.000000
0.500000 1.125000 0.687500 0.556097 2.000000
0.484375 1.109380 0.671875 0.610979 3.000000
0.484375 1.140620 0.640625 0.539926 2.000000
0.468750 1.062500 0.546875 0.591820 3.000000
0.484375 1.109380 0.906250 0.528830 2.000000
0.500000 1.109380 0.921875 0.556217 3.000000
0.468750 0.953125 0.796875 0.529578 2.000000
0.468750 0.906250 0.796875 0.551902 3.000000
0.468750 0.968750 0.031250 0.450830 2.000000
0.453125 1.015620 0.000000 0.532115 3.000000
0.484375 0.953125 0.875000 0.495623 2.000000
0.484375 0.921875 0.890625 0.519315 3.000000
0.484375 1.031250 0.968750 0.478296 2.000000
0.468750 1.015620 0.984375 0.511088 3.000000
0.468750 0.890625 0.578125 0.465326 2.000000
0.468750 0.859375 0.593750 0.494720 3.000000
0.484375 0.937500 0.078125 0.492284 3.000000
0.484375 0.875000 0.921875 0.442132 2.000000
0.484375 0.843750 0.921875 0.478555 3.000000
0.468750 0.937500 0.406250 0.448459 2.000000
0.484375 0.921875 0.390625 0.471385 3.000000
0.484375 0.781250 0.953125 0.403387 2.000000
0.468750 0.812500 0.968750 0.434950 3.000000
0.484375 0.578125 0.750000 0.189652 2.000000
0.531250 0.531250 0.750000 0.273209 3.000000
0.468750 0.578125 0.703125 0.190409 2.000000
0.421875 0.531250 0.718750 0.273091 3.000000
0.421875 0.531250 0.218750 0.185212 2.000000
0.421875 0.531250 0.000000 0.233991 3.000000
0.531250 0.531250 0.296875 0.188596 2.000000
0.531250 0.531250 0.000000 0.233504 3.000000
0.468750 0.453125 0.000000 0.000000 0.000000
0.437500 0.031250 0.562500 0.049920 1.000000
0.234375 1.062500 0.671875 0.000959 0.000000
0.421875 1.171880 0.968750 0.028458 1.000000
0.703125 1.062500 0.593750 0.001338 0.000000
0.609375 1.015620 0.781250 0.008095 0.000000
0.609375 1.031250 0.734375 0.043960 1.000000
0.375000 1.109380 0.546875 0.009140 0.000000
0.359375 1.093750 0.546875 0.038297 1.000000
0.406250 0.859375 0.234375 0.014361 0.000000
0.375000 0.859375 0.234375 0.061230 1.000000
0.609375 1.093750 0.859375 0.018515 0.000000
0.625000 1.078120 0.859375 0.040098 1.000000
0.546875 0.859375 0.250000 0.026001 0.000000
0.562500 0.859375 0.203125 0.073904 1.000000
0.578125 1.031250 0.593750 0.033266 0.000000
0.609375 1.046880 0.593750 0.059256 1.000000
0.484375 0.875000 0.234375 0.389492 2.000000
