0.468750 1.203120 0.734375 0.513403 2.000000
0.453125 1.390620 0.781250 0.688487 3.000000
0.531250 1.312500 0.703125 0.567831 2.000000
0.500000 1.218750 0.687500 0.630457 3.000000
0.515625 1.437500 0.703125 0.597948 3.000000
0.453125 1.265620 0.593750 0.542299 2.000000
0.453125 1.328120 0.578125 0.589803 3.000000
0.453125 1.203120 0.625000 0.571830 3.000000
0.468750 1.218750 0.562500 0.500362 2.000000
0.484375 1.109380 0.531250 0.571478 3.000000
0.437500 1.046880 0.015625 0.420928 2.000000
0.453125 1.140620 0.000000 0.555467 3.000000
0.468750 0.968750 0.906250 0.491757 2.000000
0.484375 1.031250 0.921875 0.554684 3.000000
0.468750 1.171880 0.890625 0.505333 2.000000
0.468750 1.203120 0.890625 0.554619 3.000000
0.500000 1.109380 0.859375 0.506546 2.000000
0.484375 0.968750 0.875000 0.553274 3.000000
0.468750 0.968750 0.593750 0.492641 2.000000
0.468750 0.937500 0.640625 0.551576 3.000000
0.437500 1.484380 0.703125 0.481784 2.000000
0.421875 1.515620 0.671875 0.551562 3.000000
0.468750 1.078120 0.609375 0.506652 2.000000
0.484375 1.015620 0.593750 0.541598 3.000000
0.453125 1.171880 0.625000 0.505156 2.000000
0.437500 1.203120 0.593750 0.537609 3.000000
0.484375 1.109380 0.437500 0.446376 2.000000
0.453125 1.093750 0.421875 0.536700 3.000000
0.484375 1.140620 0.875000 0.534994 3.000000
0.453125 1.031250 0.640625 0.530506 3.000000
0.453125 1.062500 0.984375 0.421951 2.000000
0.468750 1.125000 0.984375 0.506732 3.000000
0.484375 1.000000 0.140625 0.428332 2.000000
0.500000 1.046880 0.093750 0.502429 3.000000
0.546875 1.296880 0.562500 0.466027 2.000000
0.546875 1.281250 0.546875 0.494465 3.000000
0.484375 0.875000 0.953125 0.447863 2.000000
0.468750 0.968750 0.984375 0.487990 3.000000
0.468750 1.031250 0.406250 0.436036 2.000000
0.484375 1.031250 0.390625 0.460619 3.000000
0.468750 0.953125 0.484375 0.429630 2.000000
0.468750 0.953125 0.468750 0.459540 3.000000
0.484375 0.968750 0.046875 0.421961 2.000000
0.484375 0.968750 0.015625 0.459140 3.000000
0.468750 1.031250 0.343750 0.416954 2.000000
0.484375 1.000000 0.328125 0.459103 3.000000
0.484375 0.921875 0.046875 0.456573 3.000000
0.484375 1.000000 0.171875 0.451721 3.000000
0.531250 1.375000 0.593750 0.336852 2.000000
0.546875 1.375000 0.578125 0.373192 3.000000
0.484375 0.578125 0.750000 0.190788 2.000000
0.531250 0.531250 0.765625 0.272490 3.000000
0.468750 0.578125 0.703125 0.191735 2.000000
0.421875 0.531250 0.703125 0.272328 3.000000
0.421875 0.531250 0.218750 0.183942 2.000000
0.421875 0.531250 0.000000 0.234156 3.000000
0.531250 0.531250 0.234375 0.189426 2.000000
0.531250 0.531250 0.000000 0.233957 3.000000
0.468750 0.453125 0.000000 0.000000 0.000000
0.734375 0.125000 0.484375 0.049906 1.000000
0.750000 1.203120 0.843750 0.000630 0.000000
0.515625 1.390620 0.937500 0.039594 1.000000
0.625000 1.187500 0.562500 0.010521 0.000000
0.625000 1.218750 0.531250 0.049147 1.000000
0.453125 1.343750 0.546875 0.014701 0.000000
0.453125 1.359380 0.531250 0.043057 1.000000
0.484375 1.390620 0.937500 0.017118 0.000000
0.437500 1.218750 0.921875 0.017225 0.000000
0.453125 1.203120 0.937500 0.064498 1.000000
0.640625 1.140620 0.765625 0.019433 0.000000
0.656250 1.187500 0.781250 0.044697 1.000000
0.390625 1.109380 0.546875 0.021106 0.000000
0.359375 1.093750 0.546875 0.044673 1.000000
0.609375 1.234380 0.531250 0.021377 0.000000
0.625000 1.234380 0.515625 0.046635 1.000000
0.359375 1.125000 0.921875 0.022513 0.000000
0.328125 1.125000 0.921875 0.054879 1.000000
0.625000 1.203120 0.734375 0.022795 0.000000
0.640625 1.203120 0.750000 0.048333 1.000000
0.453125 1.218750 0.937500 0.036886 0.000000
0.609375 1.171880 0.578125 0.049171 0.000000
0.609375 1.171880 0.593750 0.070702 1.000000
0.390625 0.968750 0.250000 0.050724 0.000000
0.359375 0.968750 0.265625 0.078816 1.000000
0.562500 0.968750 0.281250 0.061718 0.000000
0.578125 0.968750 0.203125 0.092926 1.000000
0.531250 1.250000 0.640625 0.074300 0.000000
0.515625 1.265620 0.625000 0.110170 1.000000
0.515625 1.281250 0.625000 0.088293 0.000000
0.531250 1.109380 0.031250 0.088678 0.000000
0.562500 1.093750 0.000000 0.120222 1.000000
0.593750 1.234380 0.671875 0.098605 0.000000
0.609375 1.203120 0.703125 0.135538 1.000000
0.578125 1.265620 0.656250 0.112616 0.000000
0.593750 1.265620 0.671875 0.140777 1.000000
0.421875 1.062500 0.078125 0.127600 0.000000
0.421875 1.015620 0.093750 0.155953 1.000000
0.500000 1.328120 0.625000 0.155102 0.000000
0.500000 1.328120 0.609375 0.201657 1.000000
0.515625 1.093750 0.406250 0.210196 0.000000
0.515625 1.078120 0.406250 0.235760 1.000000
0.375000 1.296880 0.765625 0.219825 0.000000
0.390625 1.234380 0.750000 0.276309 1.000000
0.500000 1.250000 0.812500 0.220750 0.000000
0.484375 1.296880 0.812500 0.243025 1.000000
0.468750 1.265620 0.640625 0.541767 2.000000
0.437500 1.140620 0.609375 0.505148 2.000000
0.453125 1.062500 0.046875 0.421196 2.000000
0.390625 1.156250 0.890625 0.079601 1.000000
0.531250 1.234380 0.640625 0.135160 1.000000
0.468750 0.921875 0.859375 0.497102 2.000000
0.468750 0.984375 0.265625 0.409555 2.000000
