0.484375 1.328120 0.750000 0.565811 2.000000
0.515625 1.328120 0.765625 0.646922 3.000000
0.468750 1.265620 0.703125 0.593929 2.000000
0.437500 1.203120 0.703125 0.640541 3.000000
0.453125 1.296880 0.812500 0.551330 2.000000
0.468750 1.234380 0.859375 0.637345 3.000000
0.484375 1.328120 0.687500 0.623788 3.000000
0.453125 1.156250 0.796875 0.556341 2.000000
0.453125 1.109380 0.796875 0.616127 3.000000
0.468750 1.250000 0.593750 0.562433 2.000000
0.484375 1.187500 0.531250 0.614532 3.000000
0.500000 1.171880 0.921875 0.444013 2.000000
0.453125 1.140620 0.968750 0.595344 3.000000
0.437500 1.328120 0.593750 0.595180 3.000000
0.468750 1.062500 0.812500 0.539686 2.000000
0.468750 0.968750 0.828125 0.566631 3.000000
0.484375 1.015620 0.062500 0.452740 2.000000
0.453125 1.109380 0.000000 0.561173 3.000000
0.500000 1.078120 0.453125 0.483557 2.000000
0.468750 1.062500 0.437500 0.559165 3.000000
0.484375 1.078120 0.656250 0.530351 2.000000
0.484375 1.015620 0.640625 0.554331 3.000000
0.468750 0.906250 0.734375 0.522756 2.000000
0.468750 0.937500 0.703125 0.548164 3.000000
0.468750 0.953125 0.796875 0.508471 2.000000
0.468750 0.906250 0.781250 0.545653 3.000000
0.453125 1.062500 0.703125 0.511450 2.000000
0.453125 1.031250 0.703125 0.533334 3.000000
0.468750 0.875000 0.531250 0.463308 2.000000
0.468750 0.968750 0.531250 0.506179 3.000000
0.468750 1.000000 0.406250 0.426204 2.000000
0.484375 1.000000 0.375000 0.483590 3.000000
0.484375 0.906250 0.937500 0.449651 2.000000
0.468750 0.890625 0.968750 0.482152 3.000000
0.500000 1.000000 0.093750 0.481631 3.000000
0.468750 0.984375 0.015625 0.413788 2.000000
0.484375 0.968750 0.000000 0.458358 3.000000
0.484375 1.000000 0.109375 0.427341 2.000000
0.468750 0.968750 0.109375 0.457021 3.000000
0.484375 0.953125 0.187500 0.412696 2.000000
0.484375 0.937500 0.218750 0.436455 3.000000
0.578125 1.265620 0.937500 0.249207 2.000000
0.578125 1.234380 0.937500 0.276816 3.000000
0.484375 0.578125 0.750000 0.189684 2.000000
0.531250 0.531250 0.750000 0.273307 3.000000
0.468750 0.578125 0.765625 0.191115 2.000000
0.421875 0.531250 0.718750 0.271878 3.000000
0.421875 0.531250 0.234375 0.188893 2.000000
0.421875 0.531250 0.015625 0.236279 3.000000
0.531250 0.531250 0.218750 0.184462 2.000000
0.531250 0.531250 0.000000 0.234435 3.000000
0.562500 1.109380 0.609375 0.195716 2.000000
0.578125 1.125000 0.609375 0.222197 3.000000
0.453125 1.984380 0.218750 0.049978 2.000000
0.515625 1.328120 0.000000 0.076836 3.000000
0.468750 0.453125 0.000000 0.000000 0.000000
0.625000 0.015625 0.109375 0.049915 1.000000
0.203125 1.156250 0.781250 0.000397 0.000000
0.531250 1.296880 0.484375 0.025975 1.000000
0.718750 1.156250 0.875000 0.000493 0.000000
0.312500 1.109380 0.781250 0.004615 0.000000
0.312500 1.125000 0.781250 0.032153 1.000000
0.406250 1.265620 0.953125 0.005817 0.000000
0.343750 1.234380 0.921875 0.032704 1.000000
0.609375 1.187500 0.843750 0.008018 0.000000
0.625000 1.156250 0.859375 0.030913 1.000000
0.625000 1.078120 0.687500 0.015754 0.000000
0.640625 1.093750 0.703125 0.039565 1.000000
0.390625 0.937500 0.234375 0.025375 0.000000
0.359375 0.937500 0.234375 0.074921 1.000000
0.421875 1.312500 0.546875 0.026364 0.000000
0.437500 1.312500 0.531250 0.064965 1.000000
0.562500 0.937500 0.265625 0.030010 0.000000
0.578125 0.937500 0.265625 0.079336 1.000000
0.515625 1.125000 0.000000 0.173575 0.000000
0.515625 1.171880 0.000000 0.247547 1.000000
0.453125 1.328120 0.625000 0.561108 2.000000
0.484375 0.937500 0.234375 0.404061 2.000000
