0.468750 1.406250 0.718750 0.641903 2.000000
0.468750 1.390620 0.703125 0.691025 3.000000
0.484375 1.437500 0.734375 0.637790 2.000000
0.468750 1.437500 0.750000 0.666590 3.000000
0.484375 1.390620 0.734375 0.666198 3.000000
0.453125 1.156250 0.859375 0.501723 2.000000
0.484375 1.171880 0.937500 0.648972 3.000000
0.515625 1.328120 0.796875 0.601549 2.000000
0.484375 1.218750 0.812500 0.634359 3.000000
0.468750 1.093750 0.781250 0.534618 2.000000
0.468750 1.046880 0.765625 0.619775 3.000000
0.484375 0.953125 0.781250 0.531896 2.000000
0.468750 1.000000 0.796875 0.583665 3.000000
0.484375 1.093750 0.734375 0.529443 2.000000
0.484375 1.078120 0.718750 0.580314 3.000000
0.484375 1.171880 0.687500 0.550124 2.000000
0.484375 1.156250 0.671875 0.575645 3.000000
0.453125 1.390620 0.828125 0.528811 2.000000
0.437500 1.390620 0.812500 0.558560 3.000000
0.515625 1.218750 0.578125 0.530618 2.000000
0.484375 1.203120 0.578125 0.557339 3.000000
0.468750 1.109380 0.859375 0.519011 2.000000
0.468750 1.093750 0.875000 0.554515 3.000000
0.515625 1.234380 0.578125 0.554497 3.000000
0.515625 1.296880 0.593750 0.516719 2.000000
0.531250 1.328120 0.593750 0.539802 3.000000
0.468750 0.921875 0.609375 0.492867 2.000000
0.484375 0.937500 0.593750 0.533010 3.000000
0.453125 1.203120 0.656250 0.501457 2.000000
0.453125 1.187500 0.656250 0.531902 3.000000
0.515625 1.125000 0.515625 0.452741 2.000000
0.453125 1.140620 0.468750 0.528891 3.000000
0.484375 1.093750 0.046875 0.431881 2.000000
0.437500 1.078120 0.078125 0.527736 3.000000
0.453125 1.343750 0.859375 0.489151 2.000000
0.484375 1.343750 0.875000 0.512046 3.000000
0.484375 0.906250 0.546875 0.471087 2.000000
0.484375 0.953125 0.546875 0.501152 3.000000
0.437500 1.187500 0.625000 0.468794 2.000000
0.437500 1.187500 0.640625 0.496698 3.000000
0.468750 1.140620 0.640625 0.463051 2.000000
0.468750 1.140620 0.625000 0.486950 3.000000
0.453125 1.062500 0.421875 0.436380 2.000000
0.484375 1.046880 0.390625 0.486077 3.000000
0.468750 1.000000 0.500000 0.446154 2.000000
0.468750 0.937500 0.515625 0.484202 3.000000
0.468750 0.984375 0.046875 0.410082 2.000000
0.468750 0.968750 0.015625 0.475321 3.000000
0.515625 1.140620 0.000000 0.466935 3.000000
0.468750 1.015620 0.078125 0.410082 2.000000
0.484375 1.015620 0.140625 0.461930 3.000000
0.484375 0.937500 0.453125 0.436243 2.000000
0.484375 0.921875 0.437500 0.458548 3.000000
0.484375 0.984375 0.187500 0.409995 2.000000
0.468750 1.000000 0.328125 0.456218 3.000000
0.515625 1.125000 0.421875 0.313654 4.000000
0.515625 1.140620 0.421875 0.351941 3.000000
0.531250 1.125000 0.437500 0.314250 2.000000
0.531250 1.140620 0.437500 0.342933 3.000000
0.531250 1.125000 0.421875 0.337109 3.000000
0.437500 1.109380 0.984375 0.261904 2.000000
0.406250 1.140620 0.984375 0.333445 3.000000
0.562500 1.281250 0.562500 0.310919 2.000000
0.578125 1.281250 0.562500 0.333093 3.000000
0.484375 0.578125 0.750000 0.189416 2.000000
0.531250 0.531250 0.734375 0.272448 3.000000
0.468750 0.578125 0.734375 0.191085 2.000000
0.421875 0.531250 0.765625 0.272330 3.000000
0.421875 0.531250 0.265625 0.189714 2.000000
0.421875 0.531250 0.000000 0.234858 3.000000
0.531250 0.531250 0.234375 0.189320 2.000000
0.531250 0.531250 0.000000 0.233742 3.000000
0.468750 0.453125 0.000000 0.000000 0.000000
0.531250 0.062500 0.218750 0.049884 1.000000
0.734375 1.234380 0.609375 0.000223 0.000000
0.625000 1.218750 0.687500 0.030493 1.000000
0.625000 1.187500 0.687500 0.003788 0.000000
0.625000 1.234380 0.843750 0.009633 0.000000
0.625000 1.203120 0.828125 0.039065 1.000000
0.390625 1.171880 0.578125 0.010831 0.000000
0.390625 1.156250 0.578125 0.061575 1.000000
0.296875 1.140620 0.734375 0.012512 0.000000
0.281250 1.156250 0.750000 0.043681 1.000000
0.406250 1.359380 0.531250 0.014639 0.000000
0.406250 1.359380 0.515625 0.046620 1.000000
0.390625 1.359380 0.546875 0.016225 0.000000
0.390625 1.343750 0.546875 0.048472 1.000000
0.625000 1.218750 0.953125 0.016662 0.000000
0.625000 1.203120 0.953125 0.039522 1.000000
0.375000 1.140620 0.578125 0.038845 0.000000
0.578125 0.968750 0.250000 0.050244 0.000000
0.593750 0.968750 0.234375 0.080024 1.000000
0.437500 1.171880 0.968750 0.055524 0.000000
0.437500 1.187500 0.968750 0.095735 1.000000
0.390625 0.968750 0.203125 0.058275 0.000000
0.359375 0.968750 0.171875 0.087985 1.000000
0.437500 1.187500 0.953125 0.068470 0.000000
0.515625 1.093750 0.453125 0.084807 0.000000
0.546875 1.140620 0.500000 0.124056 1.000000
0.531250 1.078120 0.062500 0.086051 0.000000
0.562500 1.062500 0.000000 0.150032 1.000000
0.546875 1.125000 0.500000 0.099648 0.000000
0.406250 1.015620 0.375000 0.100486 0.000000
0.375000 0.968750 0.343750 0.130219 1.000000
0.500000 1.171880 0.468750 0.136860 0.000000
0.500000 1.187500 0.468750 0.184094 1.000000
0.468750 1.171880 0.000000 0.142577 0.000000
0.453125 1.203120 0.000000 0.181443 1.000000
0.562500 1.234380 0.609375 0.161239 0.000000
0.578125 1.234380 0.625000 0.189809 1.000000
0.484375 1.171880 0.453125 0.185415 0.000000
0.484375 1.187500 0.453125 0.208204 1.000000
0.375000 1.234380 0.718750 0.197727 0.000000
0.390625 1.203120 0.718750 0.230847 1.000000
0.468750 1.390620 0.796875 0.317420 0.000000
0.468750 1.421880 0.796875 0.341764 1.000000
0.328125 1.125000 0.531250 0.069167 1.000000
0.406250 1.140620 0.921875 0.145000 1.000000
0.562500 1.156250 0.500000 0.124614 1.000000
0.437500 1.171880 0.609375 0.470123 2.000000
0.484375 1.000000 0.359375 0.400705 2.000000
