0 1
0 2
3 4
5 6
7 8
9 10
7 11
12 13
14 15
5 16
17 18
19 20
21 22
23 24
25 26
27 28
29 30
31 32
33 34
21 35
36 37
38 39
40 41
42 43
44 45
46 47
48 49
50 51
52 53
54 55
56 57
58 59
60 61
62 61
63 64
65 66
67 68
69 70
71 72
73 74
75 76
77 78
79 80
81 82
83 84
85 86
87 88
3 0
12 7
89 5
46 21
61 68
14 3
90 12
42 46
68 66
90 14
91 42
66 59
89 90
59 70
19 89
70 64
17 19
64 74
25 17
74 72
9 25
72 80
29 9
80 76
27 29
76 78
23 27
78 82
33 23
82 84
31 33
84 86
36 31
86 54
38 36
54 56
44 38
56 52
91 44
52 50
40 91
50 88
48 40
88 48
