0.468750 1.343750 0.765625 0.623392 2.000000
0.437500 1.375000 0.765625 0.671665 3.000000
0.484375 1.328120 0.765625 0.664331 3.000000
0.468750 1.171880 0.671875 0.567385 2.000000
0.484375 1.390620 0.687500 0.653435 3.000000
0.484375 1.359380 0.750000 0.607036 2.000000
0.484375 1.406250 0.750000 0.644702 3.000000
0.515625 1.406250 0.734375 0.591960 2.000000
0.531250 1.359380 0.734375 0.618102 3.000000
0.484375 1.250000 0.578125 0.528970 2.000000
0.484375 1.187500 0.531250 0.608605 3.000000
0.468750 1.328120 0.875000 0.536281 2.000000
0.484375 1.234380 0.921875 0.606257 3.000000
0.484375 1.156250 0.734375 0.583307 2.000000
0.484375 1.125000 0.734375 0.605940 3.000000
0.468750 1.140620 0.671875 0.592517 3.000000
0.468750 1.156250 0.812500 0.526362 2.000000
0.484375 1.140620 0.843750 0.577944 3.000000
0.468750 1.390620 0.890625 0.530649 2.000000
0.500000 1.375000 0.921875 0.575487 3.000000
0.484375 1.015620 0.781250 0.539990 2.000000
0.484375 0.968750 0.765625 0.573528 3.000000
0.484375 1.046880 0.843750 0.522850 2.000000
0.484375 0.968750 0.843750 0.558895 3.000000
0.468750 0.953125 0.859375 0.513788 2.000000
0.484375 1.140620 0.890625 0.558651 3.000000
0.468750 1.093750 0.640625 0.517667 2.000000
0.468750 1.093750 0.625000 0.551339 3.000000
0.500000 1.046880 0.109375 0.426897 2.000000
0.500000 1.156250 0.015625 0.545510 3.000000
0.531250 1.375000 0.593750 0.490038 2.000000
0.546875 1.375000 0.593750 0.520839 3.000000
0.468750 0.984375 0.921875 0.489737 2.000000
0.468750 0.953125 0.937500 0.511449 3.000000
0.484375 1.062500 0.390625 0.454066 2.000000
0.468750 1.046880 0.375000 0.492032 3.000000
0.468750 0.843750 0.953125 0.452441 2.000000
0.468750 0.921875 0.984375 0.483772 3.000000
0.468750 0.984375 0.031250 0.412283 2.000000
0.468750 0.921875 0.000000 0.462290 3.000000
0.468750 1.031250 0.125000 0.458995 3.000000
0.468750 1.015620 0.359375 0.428133 2.000000
0.484375 1.015620 0.343750 0.450161 3.000000
0.500000 1.546880 0.734375 0.413952 2.000000
0.468750 1.546880 0.734375 0.440712 3.000000
0.468750 0.953125 0.046875 0.408952 2.000000
0.468750 0.937500 0.046875 0.437628 3.000000
0.484375 0.578125 0.750000 0.189418 2.000000
0.531250 0.531250 0.734375 0.271454 3.000000
0.468750 0.578125 0.765625 0.190070 2.000000
0.421875 0.531250 0.750000 0.271424 3.000000
0.531250 0.531250 0.203125 0.186347 2.000000
0.531250 0.531250 0.015625 0.236481 3.000000
0.421875 0.531250 0.234375 0.184974 2.000000
0.421875 0.531250 0.000000 0.232652 3.000000
0.468750 0.453125 0.000000 0.000000 0.000000
0.328125 0.078125 0.250000 0.049921 1.000000
0.765625 1.234380 0.656250 0.000638 0.000000
0.312500 0.968750 0.984375 0.031965 1.000000
0.406250 0.953125 0.953125 0.008491 0.000000
0.640625 1.296880 0.906250 0.013205 0.000000
0.656250 1.296880 0.921875 0.036856 1.000000
0.593750 1.140620 0.828125 0.015701 0.000000
0.593750 1.203120 0.859375 0.041656 1.000000
0.531250 1.031250 0.921875 0.019140 0.000000
0.578125 1.031250 0.953125 0.051239 1.000000
0.609375 1.203120 0.578125 0.028641 0.000000
0.609375 1.265620 0.562500 0.050803 1.000000
0.546875 1.390620 0.546875 0.040086 0.000000
0.562500 1.390620 0.546875 0.067824 1.000000
0.578125 0.968750 0.250000 0.049252 0.000000
0.593750 0.968750 0.265625 0.082651 1.000000
0.390625 0.968750 0.234375 0.059005 0.000000
0.359375 0.968750 0.234375 0.091597 1.000000
0.531250 1.359380 0.625000 0.243308 0.000000
0.546875 1.343750 0.640625 0.287839 1.000000
0.500000 1.312500 0.859375 0.268483 0.000000
0.515625 1.359380 0.875000 0.316871 1.000000
0.500000 1.359380 0.703125 0.560472 2.000000
0.468750 0.984375 0.203125 0.410931 2.000000
