0.468750 1.156250 0.687500 0.586354 2.000000
0.468750 1.328120 0.703125 0.703681 3.000000
0.453125 1.312500 0.828125 0.512788 2.000000
0.484375 1.312500 0.875000 0.631832 3.000000
0.468750 1.109380 0.671875 0.621596 3.000000
0.484375 1.125000 0.765625 0.560380 2.000000
0.468750 1.125000 0.796875 0.621249 3.000000
0.468750 1.140620 0.640625 0.585299 2.000000
0.468750 1.187500 0.625000 0.617184 3.000000
0.531250 1.375000 0.750000 0.550305 2.000000
0.484375 1.421880 0.781250 0.615997 3.000000
0.453125 1.484380 0.734375 0.574751 2.000000
0.437500 1.515620 0.734375 0.599757 3.000000
0.484375 1.093750 0.750000 0.583748 3.000000
0.484375 1.218750 0.546875 0.483400 2.000000
0.453125 1.171880 0.484375 0.582755 3.000000
0.531250 1.375000 0.734375 0.575647 3.000000
0.468750 1.062500 0.062500 0.453156 2.000000
0.468750 1.109380 0.031250 0.572843 3.000000
0.468750 0.890625 0.796875 0.527638 2.000000
0.468750 1.078120 0.875000 0.568998 3.000000
0.484375 0.921875 0.687500 0.519393 2.000000
0.468750 0.921875 0.703125 0.561477 3.000000
0.484375 1.000000 0.765625 0.532403 2.000000
0.484375 0.968750 0.781250 0.558722 3.000000
0.500000 1.109380 0.578125 0.502615 2.000000
0.500000 1.093750 0.578125 0.524193 3.000000
0.468750 1.437500 0.843750 0.473814 2.000000
0.453125 1.453120 0.843750 0.499513 3.000000
0.468750 1.031250 0.093750 0.498066 3.000000
0.484375 0.921875 0.531250 0.454369 2.000000
0.468750 0.921875 0.500000 0.488834 3.000000
0.468750 1.109380 0.453125 0.438768 2.000000
0.500000 1.062500 0.406250 0.485292 3.000000
0.468750 0.968750 0.000000 0.436188 2.000000
0.468750 0.937500 0.000000 0.466463 3.000000
0.453125 0.921875 0.968750 0.429669 2.000000
0.453125 0.937500 0.968750 0.452496 3.000000
0.484375 0.968750 0.218750 0.408051 2.000000
0.468750 0.968750 0.250000 0.430642 3.000000
0.500000 1.156250 0.437500 0.368155 2.000000
0.500000 1.171880 0.437500 0.394456 3.000000
0.390625 1.328120 0.625000 0.307275 2.000000
0.359375 1.312500 0.609375 0.331706 3.000000
0.531250 1.125000 0.062500 0.295599 2.000000
0.531250 1.140620 0.062500 0.320371 3.000000
0.468750 0.578125 0.734375 0.189076 2.000000
0.421875 0.531250 0.750000 0.272940 3.000000
0.531250 0.531250 0.265625 0.190294 2.000000
0.531250 0.531250 0.750000 0.271966 3.000000
0.421875 0.531250 0.234375 0.184985 2.000000
0.421875 0.531250 0.000000 0.235218 3.000000
0.531250 0.531250 0.000000 0.233648 3.000000
0.468750 0.453125 0.000000 0.000000 0.000000
0.546875 0.015625 0.062500 0.049897 1.000000
0.765625 1.203120 0.750000 0.000506 0.000000
0.328125 0.937500 0.984375 0.034919 1.000000
0.578125 1.281250 0.562500 0.008118 0.000000
0.593750 1.281250 0.562500 0.039155 1.000000
0.406250 0.937500 0.984375 0.008401 0.000000
0.609375 1.265620 0.859375 0.010084 0.000000
0.625000 1.234380 0.859375 0.043576 1.000000
0.546875 1.078120 0.515625 0.016182 0.000000
0.578125 1.093750 0.515625 0.042553 1.000000
0.437500 1.359380 0.937500 0.016428 0.000000
0.437500 1.359380 0.953125 0.055438 1.000000
0.656250 1.171880 0.781250 0.018740 0.000000
0.671875 1.187500 0.796875 0.044034 1.000000
0.390625 0.968750 0.265625 0.039954 0.000000
0.359375 0.968750 0.265625 0.071270 1.000000
0.515625 1.312500 0.953125 0.048787 0.000000
0.531250 1.312500 0.968750 0.075451 1.000000
0.578125 0.968750 0.218750 0.055424 0.000000
0.593750 0.968750 0.218750 0.078997 1.000000
0.453125 1.500000 0.765625 0.081936 0.000000
0.484375 1.515620 0.750000 0.108794 1.000000
0.500000 1.500000 0.750000 0.085011 0.000000
0.390625 1.312500 0.593750 0.150863 0.000000
0.390625 1.281250 0.609375 0.183110 1.000000
0.421875 1.187500 0.937500 0.165314 0.000000
0.421875 1.171880 0.937500 0.189707 1.000000
0.484375 1.125000 0.734375 0.548441 2.000000
0.531250 1.359380 0.765625 0.548212 2.000000
0.484375 0.578125 0.718750 0.189002 2.000000
0.406250 1.484380 0.765625 0.111136 1.000000
0.484375 0.968750 0.265625 0.396371 2.000000
