0 1
0 2
3 4
3 5
6 7
8 9
10 11
12 13
10 14
15 16
17 18
19 20
21 22
23 24
25 26
27 28
29 30
31 32
33 34
35 36
37 38
39 40
41 42
17 43
44 45
35 46
47 48
49 50
51 52
53 54
55 56
57 58
59 60
61 62
63 64
65 66
67 68
69 70
71 72
73 72
74 75
76 77
78 79
80 81
82 83
84 85
86 87
88 89
90 0
6 3
8 10
91 17
44 35
72 75
90 6
23 8
49 44
75 77
12 90
92 23
53 49
77 67
19 12
93 53
67 70
15 19
70 79
21 15
79 81
25 21
81 83
27 25
83 65
92 27
65 63
29 92
63 57
33 29
57 59
37 33
59 87
39 37
87 61
91 39
61 85
47 91
85 89
31 47
89 55
41 31
55 51
93 41
51 93
