0.453125 1.250000 0.796875 0.620582 2.000000
0.453125 1.281250 0.765625 0.668678 3.000000
0.468750 1.140620 0.796875 0.651522 3.000000
0.484375 1.187500 0.546875 0.550702 2.000000
0.468750 1.265620 0.562500 0.619870 3.000000
0.453125 1.140620 0.859375 0.493064 2.000000
0.484375 1.171880 0.906250 0.611012 3.000000
0.500000 1.250000 0.687500 0.554350 2.000000
0.500000 1.359380 0.687500 0.606428 3.000000
0.484375 1.125000 0.671875 0.598556 3.000000
0.453125 1.406250 0.703125 0.510911 2.000000
0.437500 1.453120 0.687500 0.585759 3.000000
0.484375 1.140620 0.515625 0.573396 3.000000
0.484375 1.093750 0.515625 0.527165 2.000000
0.484375 1.062500 0.531250 0.561901 3.000000
0.468750 1.156250 0.625000 0.506463 2.000000
0.453125 1.125000 0.625000 0.561154 3.000000
0.453125 1.031250 0.046875 0.421822 2.000000
0.453125 1.109380 0.000000 0.549869 3.000000
0.484375 0.984375 0.593750 0.491285 2.000000
0.468750 1.015620 0.593750 0.534812 3.000000
0.484375 1.093750 0.843750 0.496225 2.000000
0.484375 1.078120 0.859375 0.532390 3.000000
0.500000 1.062500 0.875000 0.495272 2.000000
0.484375 0.937500 0.875000 0.530847 3.000000
0.484375 0.968750 0.671875 0.491789 2.000000
0.468750 0.890625 0.640625 0.527842 3.000000
0.484375 0.984375 0.906250 0.482301 2.000000
0.484375 0.968750 0.921875 0.525437 3.000000
0.484375 1.078120 0.437500 0.464370 2.000000
0.453125 1.062500 0.421875 0.524964 3.000000
0.484375 0.968750 0.593750 0.514497 3.000000
0.515625 1.250000 0.890625 0.470381 2.000000
0.531250 1.265620 0.890625 0.499633 3.000000
0.453125 1.031250 0.984375 0.428376 2.000000
0.468750 1.093750 0.984375 0.493565 3.000000
0.484375 1.031250 0.078125 0.488075 3.000000
0.484375 0.875000 0.953125 0.440082 2.000000
0.468750 0.921875 0.984375 0.475223 3.000000
0.484375 1.031250 0.390625 0.443089 2.000000
0.484375 1.015620 0.390625 0.471387 3.000000
0.453125 0.984375 0.000000 0.409377 2.000000
0.484375 0.921875 0.015625 0.458992 3.000000
0.484375 1.000000 0.359375 0.416920 2.000000
0.484375 0.968750 0.328125 0.453844 3.000000
0.468750 0.890625 0.484375 0.426610 2.000000
0.468750 0.906250 0.468750 0.451142 3.000000
0.484375 0.921875 0.031250 0.408524 2.000000
0.484375 0.875000 0.046875 0.438583 3.000000
0.468750 0.578125 0.703125 0.191243 2.000000
0.421875 0.531250 0.718750 0.272587 3.000000
0.484375 0.578125 0.750000 0.190928 2.000000
0.531250 0.531250 0.750000 0.272389 3.000000
0.421875 0.531250 0.218750 0.184036 2.000000
0.421875 0.531250 0.000000 0.234015 3.000000
0.531250 0.531250 0.234375 0.189267 2.000000
0.531250 0.531250 0.000000 0.233838 3.000000
0.468750 0.453125 0.000000 0.000000 0.000000
0.734375 0.093750 0.359375 0.049905 1.000000
0.750000 1.156250 0.796875 0.000358 0.000000
0.421875 1.312500 0.953125 0.035575 1.000000
0.390625 1.312500 0.937500 0.013116 0.000000
0.375000 1.093750 0.937500 0.017633 0.000000
0.343750 1.093750 0.906250 0.058993 1.000000
0.562500 0.937500 0.250000 0.019379 0.000000
0.578125 0.953125 0.203125 0.086195 1.000000
0.390625 0.953125 0.250000 0.037123 0.000000
0.359375 0.953125 0.250000 0.072955 1.000000
0.421875 1.171880 0.921875 0.060239 0.000000
0.437500 1.171880 0.921875 0.092992 1.000000
0.437500 1.187500 0.921875 0.070095 0.000000
0.515625 1.250000 0.625000 0.076628 0.000000
0.515625 1.234380 0.625000 0.124691 1.000000
0.531250 1.218750 0.625000 0.088770 0.000000
0.546875 1.203120 0.625000 0.122842 1.000000
0.375000 1.234380 0.781250 0.216425 0.000000
0.390625 1.171880 0.781250 0.255932 1.000000
0.468750 1.312500 0.734375 0.532834 2.000000
0.500000 1.218750 0.656250 0.533123 2.000000
0.453125 1.062500 0.609375 0.489144 2.000000
0.390625 1.140620 0.906250 0.095226 1.000000
0.484375 0.937500 0.234375 0.404921 2.000000
