0.484375 1.218750 0.796875 0.562783 2.000000
0.484375 1.171880 0.734375 0.670934 3.000000
0.468750 1.109380 0.640625 0.577788 2.000000
0.453125 1.171880 0.671875 0.625498 3.000000
0.453125 1.234380 0.812500 0.546451 2.000000
0.468750 1.156250 0.875000 0.619595 3.000000
0.468750 1.156250 0.625000 0.602865 3.000000
0.453125 1.234380 0.796875 0.594320 3.000000
0.468750 1.031250 0.468750 0.493658 2.000000
0.453125 1.093750 0.515625 0.592280 3.000000
0.468750 1.093750 0.843750 0.544762 2.000000
0.468750 1.046880 0.828125 0.581553 3.000000
0.500000 1.359380 0.765625 0.507642 2.000000
0.484375 1.375000 0.765625 0.548859 3.000000
0.484375 1.015620 0.031250 0.472165 2.000000
0.484375 1.078120 0.000000 0.529880 3.000000
0.468750 0.953125 0.640625 0.505395 2.000000
0.468750 0.937500 0.656250 0.529879 3.000000
0.484375 1.015620 0.437500 0.523898 3.000000
0.468750 1.015620 0.046875 0.520967 3.000000
0.468750 0.875000 0.937500 0.454275 2.000000
0.468750 0.968750 0.937500 0.486965 3.000000
0.484375 0.968750 0.078125 0.439846 2.000000
0.484375 0.968750 0.093750 0.480180 3.000000
0.468750 0.968750 0.500000 0.442339 2.000000
0.468750 0.890625 0.531250 0.474094 3.000000
0.421875 1.218750 0.765625 0.446512 2.000000
0.406250 1.218750 0.765625 0.470156 3.000000
0.421875 0.531250 0.281250 0.190257 2.000000
0.421875 0.531250 0.734375 0.272072 3.000000
0.531250 0.531250 0.218750 0.189600 2.000000
0.531250 0.531250 0.718750 0.271745 3.000000
0.421875 0.531250 0.000000 0.240442 3.000000
0.531250 0.531250 0.000000 0.233174 3.000000
0.531250 1.968750 0.218750 0.050200 2.000000
0.468750 1.281250 0.000000 0.086487 3.000000
0.468750 0.453125 0.000000 0.000000 0.000000
0.234375 0.046875 0.312500 0.049904 1.000000
0.734375 1.109380 0.718750 0.000473 0.000000
0.343750 1.187500 0.593750 0.032968 1.000000
0.515625 1.234380 0.968750 0.010042 0.000000
0.437500 1.234380 0.984375 0.065963 1.000000
0.359375 1.171880 0.625000 0.010470 0.000000
0.359375 1.093750 0.531250 0.019338 0.000000
0.328125 1.078120 0.531250 0.044420 1.000000
0.515625 1.234380 0.531250 0.021781 0.000000
0.500000 1.234380 0.515625 0.048802 1.000000
0.562500 0.906250 0.250000 0.030816 0.000000
0.578125 0.906250 0.250000 0.066933 1.000000
0.546875 1.218750 0.953125 0.040062 0.000000
0.546875 1.218750 0.968750 0.065319 1.000000
0.390625 0.906250 0.234375 0.065173 0.000000
0.375000 0.906250 0.187500 0.086847 1.000000
0.484375 1.375000 0.734375 0.094474 0.000000
0.406250 1.359380 0.734375 0.122084 1.000000
0.453125 1.218750 0.703125 0.559015 2.000000
0.515625 1.109380 0.562500 0.486933 2.000000
0.468750 0.578125 0.734375 0.189927 2.000000
0.484375 0.578125 0.750000 0.188628 2.000000
0.468750 0.906250 0.218750 0.405846 2.000000
