0 1
2 3
0 4
5 6
7 8
2 9
10 11
12 13
14 15
16 17
7 18
19 20
21 22
23 24
25 26
27 28
29 30
31 32
25 33
34 35
31 36
37 38
39 40
41 42
43 44
45 46
47 48
49 50
51 52
53 54
55 56
57 58
59 60
61 62
63 64
65 66
67 68
69 70
69 71
72 73
74 75
76 77
78 77
79 80
81 82
83 84
85 86
87 88
89 90
91 92
93 88
94 95
96 97
98 99
100 101
102 103
104 105
5 0
16 2
106 7
37 25
47 31
77 82
88 107
10 5
108 16
109 37
110 47
82 86
12 10
86 84
14 12
84 72
108 14
72 75
106 108
75 80
21 106
80 90
23 21
90 92
19 23
92 107
29 19
107 67
27 29
67 97
34 27
97 65
109 34
65 61
41 109
61 63
49 41
63 95
45 49
95 99
43 45
99 69
51 43
69 103
55 51
103 101
53 55
101 105
39 53
105 59
57 39
59 110
110 57
