0.515625 1.390620 0.750000 0.633176 2.000000
0.500000 1.312500 0.750000 0.682393 3.000000
0.484375 1.328120 0.843750 0.606498 2.000000
0.484375 1.265620 0.812500 0.666618 3.000000
0.500000 1.390620 0.734375 0.661215 3.000000
0.484375 1.218750 0.734375 0.623405 2.000000
0.484375 1.171880 0.734375 0.648167 3.000000
0.468750 1.109380 0.640625 0.551573 2.000000
0.484375 1.312500 0.640625 0.645079 3.000000
0.468750 1.328120 0.875000 0.644759 3.000000
0.484375 1.171880 0.750000 0.591166 2.000000
0.484375 1.125000 0.765625 0.639342 3.000000
0.500000 1.484380 0.703125 0.580637 2.000000
0.500000 1.531250 0.671875 0.618309 3.000000
0.453125 1.375000 0.734375 0.567986 2.000000
0.437500 1.375000 0.734375 0.597736 3.000000
0.468750 1.328120 0.796875 0.559642 2.000000
0.468750 1.359380 0.781250 0.585466 3.000000
0.468750 1.078120 0.671875 0.579168 3.000000
0.484375 0.906250 0.796875 0.517613 2.000000
0.484375 0.937500 0.812500 0.565141 3.000000
0.468750 1.203120 0.890625 0.534747 2.000000
0.468750 1.156250 0.890625 0.563599 3.000000
0.484375 1.015620 0.718750 0.527177 2.000000
0.484375 0.953125 0.718750 0.561112 3.000000
0.453125 1.109380 0.468750 0.483594 2.000000
0.453125 1.187500 0.531250 0.550511 3.000000
0.484375 0.937500 0.640625 0.504683 2.000000
0.468750 0.921875 0.625000 0.545833 3.000000
0.421875 1.156250 0.703125 0.511760 2.000000
0.421875 1.171880 0.703125 0.540045 3.000000
0.500000 1.109380 0.046875 0.430520 2.000000
0.468750 1.093750 0.046875 0.537617 3.000000
0.484375 1.078120 0.421875 0.532366 3.000000
0.468750 0.937500 0.843750 0.504588 2.000000
0.468750 0.921875 0.859375 0.531781 3.000000
0.500000 1.171880 0.000000 0.527280 3.000000
0.468750 1.015620 0.546875 0.474370 2.000000
0.468750 0.968750 0.531250 0.508277 3.000000
0.484375 1.234380 0.937500 0.426577 2.000000
0.484375 1.171880 0.984375 0.503765 3.000000
0.468750 1.046880 0.390625 0.462958 2.000000
0.468750 1.031250 0.375000 0.501293 3.000000
0.484375 1.031250 0.953125 0.452677 2.000000
0.484375 1.000000 0.984375 0.495602 3.000000
0.406250 1.343750 0.781250 0.459261 2.000000
0.390625 1.375000 0.796875 0.491183 3.000000
0.468750 1.046880 0.078125 0.428368 2.000000
0.484375 1.031250 0.109375 0.482773 3.000000
0.484375 1.031250 0.937500 0.460290 2.000000
0.484375 1.062500 0.953125 0.482474 3.000000
0.468750 1.062500 0.937500 0.442120 2.000000
0.468750 1.078120 0.937500 0.471705 3.000000
0.515625 1.500000 0.765625 0.431030 2.000000
0.515625 1.515620 0.765625 0.470186 3.000000
0.484375 1.015620 0.468750 0.437457 2.000000
0.484375 0.921875 0.484375 0.468424 3.000000
0.515625 1.265620 0.562500 0.424773 2.000000
0.515625 1.250000 0.562500 0.447715 3.000000
0.484375 1.031250 0.984375 0.400219 2.000000
0.500000 1.031250 0.984375 0.429530 3.000000
0.468750 0.578125 0.734375 0.189442 2.000000
0.421875 0.531250 0.734375 0.272693 3.000000
0.484375 0.578125 0.750000 0.190373 2.000000
0.531250 0.531250 0.750000 0.272496 3.000000
0.421875 0.531250 0.218750 0.189176 2.000000
0.421875 0.531250 0.000000 0.239710 3.000000
0.531250 0.531250 0.234375 0.188965 2.000000
0.531250 0.531250 0.000000 0.233128 3.000000
0.421875 1.187500 0.984375 0.199287 4.000000
0.406250 1.171880 0.984375 0.224943 3.000000
0.421875 1.203120 0.984375 0.224217 3.000000
0.531250 1.968750 0.218750 0.049687 2.000000
0.484375 1.515620 0.000000 0.071841 3.000000
0.468750 0.453125 0.000000 0.000000 0.000000
0.375000 0.062500 0.500000 0.049899 1.000000
0.734375 1.250000 0.640625 0.000607 0.000000
0.296875 1.296880 0.812500 0.031545 1.000000
0.343750 1.296880 0.828125 0.006335 0.000000
0.453125 1.343750 0.984375 0.007609 0.000000
0.421875 1.343750 0.984375 0.053554 1.000000
0.546875 0.984375 0.921875 0.008997 0.000000
0.578125 1.015620 0.968750 0.033886 1.000000
0.328125 1.140620 0.796875 0.015012 0.000000
0.296875 1.171880 0.781250 0.042173 1.000000
0.593750 1.109380 0.640625 0.015123 0.000000
0.609375 1.109380 0.625000 0.037577 1.000000
0.531250 1.156250 0.515625 0.039529 0.000000
0.546875 1.140620 0.531250 0.094024 1.000000
0.578125 0.968750 0.250000 0.052350 0.000000
0.593750 0.968750 0.250000 0.079324 1.000000
0.390625 0.968750 0.250000 0.064236 0.000000
0.359375 0.984375 0.218750 0.098981 1.000000
0.546875 1.156250 0.546875 0.069487 0.000000
0.437500 1.265620 0.609375 0.164380 0.000000
0.421875 1.250000 0.609375 0.191466 1.000000
0.437500 1.203120 0.968750 0.165559 0.000000
0.437500 1.203120 0.984375 0.189118 1.000000
0.562500 1.218750 0.812500 0.165687 0.000000
0.578125 1.203120 0.843750 0.197622 1.000000
0.437500 1.156250 0.000000 0.169599 0.000000
0.406250 1.187500 0.000000 0.252699 1.000000
0.531250 1.312500 0.875000 0.202348 0.000000
0.515625 1.343750 0.890625 0.235645 1.000000
0.421875 1.281250 0.843750 0.246585 0.000000
0.421875 1.265620 0.843750 0.274720 1.000000
0.437500 1.140620 0.671875 0.536429 2.000000
0.562500 1.093750 0.562500 0.113334 1.000000
0.453125 1.359380 0.750000 0.552014 2.000000
0.500000 1.156250 0.562500 0.463764 2.000000
0.468750 0.968750 0.250000 0.405474 2.000000
