0.453125 1.390620 0.656250 0.619618 2.000000
0.468750 1.375000 0.703125 0.711540 3.000000
0.437500 1.375000 0.656250 0.652811 3.000000
0.437500 1.343750 0.812500 0.501385 2.000000
0.484375 1.359380 0.875000 0.637158 3.000000
0.468750 1.171880 0.671875 0.595836 2.000000
0.468750 1.140620 0.671875 0.634774 3.000000
0.468750 1.125000 0.781250 0.570365 2.000000
0.468750 1.156250 0.796875 0.627684 3.000000
0.437500 1.515620 0.734375 0.572626 2.000000
0.437500 1.546880 0.734375 0.606871 3.000000
0.484375 1.468750 0.796875 0.568219 2.000000
0.484375 1.500000 0.796875 0.604582 3.000000
0.484375 1.140620 0.750000 0.596815 3.000000
0.484375 1.421880 0.765625 0.592942 3.000000
0.484375 1.234380 0.531250 0.466886 2.000000
0.453125 1.203120 0.500000 0.576109 3.000000
0.484375 1.109380 0.906250 0.540684 2.000000
0.484375 1.125000 0.921875 0.575792 3.000000
0.468750 1.109380 0.875000 0.575293 3.000000
0.484375 0.921875 0.687500 0.521698 2.000000
0.468750 0.953125 0.703125 0.570983 3.000000
0.484375 1.031250 0.765625 0.539570 2.000000
0.484375 1.000000 0.781250 0.562287 3.000000
0.468750 1.078120 0.078125 0.448432 2.000000
0.468750 1.140620 0.031250 0.557520 3.000000
0.515625 1.484380 0.718750 0.486448 2.000000
0.531250 1.515620 0.703125 0.532340 3.000000
0.484375 1.062500 0.546875 0.479011 2.000000
0.484375 1.046880 0.546875 0.507555 3.000000
0.468750 1.046880 0.093750 0.494523 3.000000
0.484375 0.921875 0.531250 0.462597 2.000000
0.468750 0.937500 0.500000 0.493717 3.000000
0.453125 1.468750 0.828125 0.463308 2.000000
0.453125 1.484380 0.843750 0.493314 3.000000
0.468750 1.109380 0.453125 0.427725 2.000000
0.500000 1.078120 0.406250 0.489869 3.000000
0.468750 1.015620 0.015625 0.440574 2.000000
0.468750 0.968750 0.000000 0.475103 3.000000
0.468750 0.953125 0.953125 0.429005 2.000000
0.453125 0.953125 0.968750 0.460654 3.000000
0.484375 1.000000 0.218750 0.402302 2.000000
0.468750 1.000000 0.250000 0.424346 3.000000
0.468750 0.578125 0.734375 0.188961 2.000000
0.421875 0.531250 0.750000 0.272935 3.000000
0.531250 0.531250 0.265625 0.190289 2.000000
0.531250 0.531250 0.750000 0.271902 3.000000
0.421875 1.234380 0.937500 0.241553 2.000000
0.421875 1.234380 0.953125 0.266379 3.000000
0.421875 0.531250 0.234375 0.185656 2.000000
0.421875 0.531250 0.000000 0.235265 3.000000
0.531250 0.531250 0.000000 0.233710 3.000000
0.468750 0.453125 0.000000 0.000000 0.000000
0.265625 0.000000 0.140625 0.049912 1.000000
0.765625 1.218750 0.781250 0.000348 0.000000
0.328125 0.968750 0.984375 0.033515 1.000000
0.406250 0.953125 0.984375 0.006698 0.000000
0.546875 1.093750 0.515625 0.007733 0.000000
0.578125 1.125000 0.515625 0.043861 1.000000
0.406250 0.921875 0.468750 0.010637 0.000000
0.359375 0.921875 0.437500 0.035025 1.000000
0.609375 1.281250 0.859375 0.017435 0.000000
0.640625 1.265620 0.875000 0.045263 1.000000
0.656250 1.171880 0.781250 0.017472 0.000000
0.656250 1.218750 0.781250 0.046969 1.000000
0.578125 0.968750 0.234375 0.049159 0.000000
0.593750 0.968750 0.203125 0.083073 1.000000
0.390625 0.968750 0.234375 0.052336 0.000000
0.375000 0.968750 0.250000 0.076227 1.000000
0.500000 1.531250 0.750000 0.070312 0.000000
0.484375 1.546880 0.750000 0.099702 1.000000
0.453125 1.531250 0.765625 0.073079 0.000000
0.453125 1.343750 0.921875 0.073891 0.000000
0.468750 1.359380 0.921875 0.100630 1.000000
0.406250 1.140620 0.843750 0.086555 0.000000
0.390625 1.140620 0.875000 0.129755 1.000000
0.531250 1.109380 0.031250 0.132573 0.000000
0.531250 1.140620 0.015625 0.165757 1.000000
0.421875 1.203120 0.937500 0.144718 0.000000
0.406250 1.171880 0.921875 0.175742 1.000000
0.390625 1.343750 0.578125 0.145650 0.000000
0.406250 1.375000 0.562500 0.181506 1.000000
0.531250 1.343750 0.812500 0.171988 0.000000
0.546875 1.328120 0.812500 0.198168 1.000000
0.515625 1.359380 0.640625 0.211709 0.000000
0.546875 1.328120 0.656250 0.248255 1.000000
0.500000 1.125000 0.812500 0.220376 0.000000
0.500000 1.109380 0.828125 0.243836 1.000000
0.468750 1.109380 0.734375 0.554724 2.000000
0.515625 1.390620 0.781250 0.550815 2.000000
0.468750 0.953125 0.828125 0.531858 2.000000
0.484375 0.578125 0.718750 0.188945 2.000000
0.421875 1.515620 0.781250 0.101784 1.000000
0.484375 1.000000 0.265625 0.392041 2.000000
