0.484375 1.156250 0.734375 0.638455 2.000000
0.484375 1.171880 0.765625 0.668991 3.000000
0.484375 1.203120 0.718750 0.664737 3.000000
0.468750 1.203120 0.796875 0.586691 2.000000
0.468750 1.187500 0.828125 0.656648 3.000000
0.468750 1.140620 0.656250 0.579405 2.000000
0.484375 1.125000 0.640625 0.617715 3.000000
0.484375 1.140620 0.875000 0.545408 2.000000
0.500000 1.140620 0.890625 0.577696 3.000000
0.468750 1.078120 0.546875 0.535118 2.000000
0.500000 1.078120 0.531250 0.570433 3.000000
0.453125 1.078120 0.578125 0.560055 3.000000
0.500000 1.031250 0.906250 0.521733 2.000000
0.500000 1.046880 0.937500 0.550174 3.000000
0.484375 1.015620 0.625000 0.519407 2.000000
0.484375 0.953125 0.609375 0.544260 3.000000
0.484375 1.015620 0.500000 0.498677 2.000000
0.468750 1.015620 0.468750 0.534780 3.000000
0.468750 0.890625 0.671875 0.477649 2.000000
0.468750 0.859375 0.656250 0.507421 3.000000
0.468750 0.875000 0.265625 0.394911 2.000000
0.453125 1.000000 0.015625 0.504761 3.000000
0.484375 0.578125 0.812500 0.188924 2.000000
0.531250 0.531250 0.734375 0.272246 3.000000
0.468750 0.578125 0.796875 0.186613 2.000000
0.421875 0.531250 0.718750 0.271797 3.000000
0.421875 0.531250 0.265625 0.184117 2.000000
0.421875 0.531250 0.000000 0.233763 3.000000
0.531250 0.531250 0.281250 0.186920 2.000000
0.531250 0.531250 0.000000 0.233491 3.000000
0.468750 0.453125 0.000000 0.000000 0.000000
0.484375 0.125000 0.390625 0.049909 1.000000
0.718750 1.062500 0.718750 0.000648 0.000000
0.515625 1.187500 0.984375 0.032233 1.000000
0.250000 1.093750 0.890625 0.001762 0.000000
0.625000 1.062500 0.703125 0.003967 0.000000
0.640625 1.062500 0.703125 0.033034 1.000000
0.406250 0.875000 0.265625 0.034458 0.000000
0.375000 0.875000 0.187500 0.069310 1.000000
0.546875 0.875000 0.234375 0.037971 0.000000
0.578125 0.859375 0.250000 0.068614 1.000000
0.375000 1.062500 0.921875 0.052485 0.000000
0.359375 1.062500 0.921875 0.076128 1.000000
0.500000 1.062500 0.000000 0.250138 0.000000
0.515625 1.078120 0.000000 0.310800 1.000000
0.453125 1.140620 0.593750 0.527055 2.000000
