0.500000 1.328120 0.734375 0.557937 2.000000
0.437500 1.312500 0.703125 0.674135 3.000000
0.484375 1.312500 0.765625 0.612677 2.000000
0.468750 1.296880 0.781250 0.654664 3.000000
0.453125 1.218750 0.828125 0.563988 2.000000
0.484375 1.328120 0.875000 0.645866 3.000000
0.515625 1.421880 0.765625 0.634862 3.000000
0.453125 1.343750 0.593750 0.557465 2.000000
0.468750 1.250000 0.562500 0.617190 3.000000
0.453125 1.250000 0.796875 0.582469 2.000000
0.453125 1.187500 0.812500 0.617126 3.000000
0.453125 1.140620 0.781250 0.567590 2.000000
0.453125 1.125000 0.765625 0.599496 3.000000
0.468750 1.046880 0.765625 0.547029 2.000000
0.468750 1.000000 0.750000 0.585275 3.000000
0.437500 1.375000 0.593750 0.582737 3.000000
0.468750 1.015620 0.953125 0.458892 2.000000
0.453125 1.171880 0.968750 0.578989 3.000000
0.500000 1.203120 0.671875 0.547121 2.000000
0.500000 1.125000 0.656250 0.577447 3.000000
0.468750 0.984375 0.765625 0.531763 2.000000
0.468750 0.953125 0.796875 0.567029 3.000000
0.500000 1.078120 0.640625 0.528286 2.000000
0.484375 1.046880 0.640625 0.566852 3.000000
0.515625 1.125000 0.453125 0.454867 2.000000
0.468750 1.093750 0.437500 0.558996 3.000000
0.468750 0.937500 0.734375 0.529828 2.000000
0.468750 0.968750 0.687500 0.555931 3.000000
0.484375 1.046880 0.062500 0.452585 2.000000
0.453125 1.156250 0.000000 0.522985 3.000000
0.484375 1.046880 0.531250 0.469598 2.000000
0.468750 1.015620 0.531250 0.519371 3.000000
0.484375 1.093750 0.890625 0.483598 2.000000
0.500000 1.093750 0.890625 0.505374 3.000000
0.468750 1.031250 0.406250 0.436065 2.000000
0.484375 1.015620 0.375000 0.497255 3.000000
0.468750 0.953125 0.968750 0.487971 3.000000
0.500000 1.031250 0.093750 0.487305 3.000000
0.484375 1.015620 0.109375 0.435303 2.000000
0.468750 1.015620 0.109375 0.474085 3.000000
0.484375 0.921875 0.500000 0.444945 2.000000
0.468750 0.937500 0.484375 0.473487 3.000000
0.468750 1.031250 0.000000 0.436824 2.000000
0.484375 1.015620 0.000000 0.463761 3.000000
0.484375 0.968750 0.203125 0.413877 2.000000
0.484375 0.968750 0.218750 0.443192 3.000000
0.468750 0.968750 0.437500 0.409704 2.000000
0.484375 0.953125 0.437500 0.442484 3.000000
0.468750 1.000000 0.156250 0.417341 2.000000
0.484375 0.968750 0.171875 0.442291 3.000000
0.484375 0.984375 0.031250 0.406953 2.000000
0.484375 0.921875 0.046875 0.441932 3.000000
0.484375 0.578125 0.750000 0.189783 2.000000
0.531250 0.531250 0.750000 0.273091 3.000000
0.468750 0.578125 0.765625 0.190849 2.000000
0.421875 0.531250 0.718750 0.272317 3.000000
0.593750 1.234380 0.578125 0.218714 2.000000
0.578125 1.187500 0.593750 0.250642 3.000000
0.421875 0.531250 0.187500 0.188977 2.000000
0.421875 0.531250 0.015625 0.236245 3.000000
0.531250 0.531250 0.218750 0.184352 2.000000
0.531250 0.531250 0.000000 0.234303 3.000000
0.375000 1.953120 0.203125 0.049722 2.000000
0.515625 1.359380 0.000000 0.082256 3.000000
0.468750 0.453125 0.000000 0.000000 0.000000
0.343750 0.078125 0.140625 0.049909 1.000000
0.203125 1.203120 0.828125 0.000605 0.000000
0.515625 1.359380 0.500000 0.025692 1.000000
0.718750 1.187500 0.859375 0.000830 0.000000
0.640625 1.109380 0.703125 0.015155 0.000000
0.640625 1.109380 0.718750 0.041065 1.000000
0.390625 0.953125 0.218750 0.044174 0.000000
0.359375 0.968750 0.234375 0.082594 1.000000
0.562500 0.953125 0.250000 0.049237 0.000000
0.593750 0.968750 0.265625 0.089777 1.000000
0.359375 1.156250 0.921875 0.049835 0.000000
0.343750 1.171880 0.890625 0.071846 1.000000
0.515625 1.171880 0.984375 0.109030 0.000000
0.515625 1.171880 0.968750 0.143578 4.000000
0.515625 1.187500 0.968750 0.109394 0.000000
0.515625 1.140620 0.000000 0.127581 0.000000
0.515625 1.203120 0.000000 0.252630 1.000000
0.390625 1.265620 0.781250 0.212538 0.000000
0.375000 1.281250 0.781250 0.234527 1.000000
0.468750 1.390620 0.640625 0.542519 2.000000
0.484375 0.812500 0.937500 0.444759 2.000000
0.484375 0.968750 0.234375 0.410326 2.000000
