0.484375 1.203120 0.718750 0.602674 2.000000
0.468750 1.109380 0.703125 0.663734 3.000000
0.468750 1.078120 0.765625 0.636974 3.000000
0.484375 1.109380 0.812500 0.569417 2.000000
0.468750 1.062500 0.859375 0.603618 3.000000
0.468750 1.062500 0.593750 0.574780 2.000000
0.468750 1.062500 0.578125 0.603521 3.000000
0.468750 0.890625 0.015625 0.388711 2.000000
0.484375 1.000000 0.000000 0.524944 3.000000
0.500000 0.890625 0.546875 0.448105 2.000000
0.484375 0.890625 0.578125 0.491594 3.000000
0.468750 0.921875 0.421875 0.460857 2.000000
0.484375 0.921875 0.406250 0.486482 3.000000
0.468750 0.843750 0.000000 0.417457 3.000000
0.468750 0.578125 0.734375 0.190253 2.000000
0.421875 0.531250 0.718750 0.273585 3.000000
0.531250 0.531250 0.234375 0.190180 2.000000
0.531250 0.531250 0.750000 0.271741 3.000000
0.531250 0.531250 0.000000 0.235715 3.000000
0.421875 0.531250 0.203125 0.189123 2.000000
0.421875 0.531250 0.000000 0.232613 3.000000
0.468750 0.453125 0.000000 0.000000 0.000000
0.562500 0.046875 0.234375 0.049897 1.000000
0.718750 1.031250 0.765625 0.001574 0.000000
0.484375 1.171880 0.218750 0.042180 1.000000
0.265625 1.046880 0.593750 0.001700 0.000000
0.312500 1.062500 0.843750 0.035611 1.000000
0.343750 1.078120 0.640625 0.012461 0.000000
0.328125 1.093750 0.609375 0.037981 1.000000
0.609375 1.046880 0.640625 0.012879 0.000000
0.609375 1.031250 0.671875 0.043887 1.000000
0.359375 1.062500 0.843750 0.013621 0.000000
0.546875 0.843750 0.218750 0.017990 0.000000
0.562500 0.843750 0.234375 0.056858 1.000000
0.406250 0.843750 0.250000 0.020032 0.000000
0.390625 0.843750 0.281250 0.069317 1.000000
0.578125 1.031250 0.906250 0.032319 0.000000
0.593750 1.046880 0.921875 0.064585 1.000000
0.484375 0.843750 0.234375 0.388490 2.000000
0.484375 0.578125 0.750000 0.189910 2.000000
