0.468750 1.125000 0.718750 0.630277 2.000000
0.484375 1.156250 0.703125 0.677644 3.000000
0.484375 1.125000 0.734375 0.670404 3.000000
0.453125 1.156250 0.765625 0.587674 2.000000
0.484375 1.156250 0.796875 0.654303 3.000000
0.453125 1.031250 0.546875 0.525873 2.000000
0.468750 1.031250 0.515625 0.548098 3.000000
0.484375 0.875000 0.203125 0.392138 2.000000
0.484375 1.015620 0.000000 0.509414 3.000000
0.484375 0.906250 0.609375 0.473888 2.000000
0.484375 0.906250 0.593750 0.505364 3.000000
0.468750 0.953125 0.421875 0.447011 2.000000
0.468750 0.921875 0.390625 0.473870 3.000000
0.468750 0.828125 0.953125 0.426838 2.000000
0.484375 0.828125 0.968750 0.457468 3.000000
0.468750 0.781250 0.562500 0.425574 2.000000
0.484375 0.875000 0.531250 0.452781 3.000000
0.484375 0.796875 0.031250 0.371843 2.000000
0.453125 0.843750 0.000000 0.416489 3.000000
0.484375 0.828125 0.031250 0.398206 3.000000
0.484375 0.578125 0.718750 0.189329 2.000000
0.531250 0.531250 0.765625 0.272853 3.000000
0.468750 0.578125 0.796875 0.189788 2.000000
0.421875 0.531250 0.718750 0.272655 3.000000
0.531250 0.531250 0.281250 0.187117 2.000000
0.531250 0.531250 0.015625 0.236726 3.000000
0.421875 0.531250 0.187500 0.189173 2.000000
0.421875 0.531250 0.000000 0.233620 3.000000
0.468750 0.453125 0.000000 0.000000 0.000000
0.609375 0.015625 0.250000 0.049891 1.000000
0.687500 1.078120 0.562500 0.000685 0.000000
0.390625 1.140620 0.500000 0.027998 1.000000
0.265625 1.062500 0.593750 0.001032 0.000000
0.421875 1.171880 0.968750 0.027961 1.000000
0.484375 1.187500 0.953125 0.001688 0.000000
0.406250 0.859375 0.250000 0.003108 0.000000
0.390625 0.875000 0.234375 0.069120 1.000000
0.359375 1.093750 0.875000 0.007938 0.000000
0.343750 1.062500 0.843750 0.038299 1.000000
0.609375 1.078120 0.640625 0.008641 0.000000
0.625000 1.031250 0.718750 0.031856 1.000000
0.375000 1.062500 0.625000 0.013278 0.000000
0.312500 1.031250 0.750000 0.036452 1.000000
0.546875 0.859375 0.234375 0.018715 0.000000
0.562500 0.875000 0.281250 0.065378 1.000000
0.609375 1.062500 0.828125 0.019854 0.000000
0.625000 1.046880 0.781250 0.041774 1.000000
0.468750 0.875000 0.031250 0.356554 2.000000
