0.468750 1.218750 0.718750 0.633360 2.000000
0.484375 1.218750 0.734375 0.686679 3.000000
0.484375 1.250000 0.703125 0.673430 3.000000
0.453125 1.250000 0.765625 0.591583 2.000000
0.484375 1.234380 0.796875 0.672399 3.000000
0.468750 1.125000 0.906250 0.545709 2.000000
0.468750 1.093750 0.937500 0.575528 3.000000
0.468750 1.046880 0.484375 0.500415 2.000000
0.484375 1.031250 0.453125 0.554709 3.000000
0.468750 0.953125 0.828125 0.496343 2.000000
0.484375 0.937500 0.812500 0.540438 3.000000
0.468750 0.968750 0.593750 0.481056 2.000000
0.484375 0.953125 0.593750 0.505279 3.000000
0.468750 1.015620 0.937500 0.479997 2.000000
0.484375 0.968750 0.921875 0.505027 3.000000
0.484375 0.968750 0.078125 0.427971 2.000000
0.484375 1.046880 0.000000 0.492324 3.000000
0.468750 0.968750 0.406250 0.437766 2.000000
0.468750 0.953125 0.390625 0.484784 3.000000
0.468750 0.859375 0.953125 0.440131 2.000000
0.484375 0.875000 0.968750 0.482501 3.000000
0.484375 0.953125 0.093750 0.451391 3.000000
0.453125 0.937500 0.015625 0.355309 2.000000
0.453125 0.890625 0.000000 0.433809 3.000000
0.484375 0.875000 0.453125 0.400913 2.000000
0.468750 0.843750 0.453125 0.424237 3.000000
0.468750 0.578125 0.796875 0.189939 2.000000
0.421875 0.531250 0.703125 0.272309 3.000000
0.484375 0.578125 0.718750 0.189558 2.000000
0.531250 0.531250 0.765625 0.272264 3.000000
0.531250 0.531250 0.281250 0.187358 2.000000
0.531250 0.531250 0.015625 0.236754 3.000000
0.421875 0.531250 0.250000 0.189563 2.000000
0.421875 0.531250 0.000000 0.233370 3.000000
0.468750 0.453125 0.000000 0.000000 0.000000
0.312500 0.015625 0.093750 0.049905 1.000000
0.734375 1.093750 0.750000 0.000725 0.000000
0.671875 1.093750 0.671875 0.029355 1.000000
0.359375 1.140620 0.640625 0.006004 0.000000
0.375000 1.125000 0.625000 0.035187 1.000000
0.625000 1.093750 0.671875 0.007208 0.000000
0.328125 1.046880 0.718750 0.009539 0.000000
0.328125 1.046880 0.687500 0.035922 1.000000
0.531250 1.218750 0.546875 0.031675 0.000000
0.546875 1.218750 0.546875 0.053347 1.000000
0.406250 0.890625 0.234375 0.047578 0.000000
0.375000 0.890625 0.234375 0.074731 1.000000
0.453125 1.078120 0.000000 0.353345 0.000000
0.437500 1.078120 0.000000 0.377020 1.000000
0.484375 0.890625 0.250000 0.396318 2.000000
