0.468750 1.312500 0.781250 0.639414 2.000000
0.453125 1.250000 0.765625 0.662211 3.000000
0.468750 1.359380 0.812500 0.661274 3.000000
0.468750 1.156250 0.812500 0.605490 2.000000
0.468750 1.093750 0.796875 0.637565 3.000000
0.453125 1.218750 0.593750 0.556136 2.000000
0.468750 1.234380 0.562500 0.623399 3.000000
0.500000 1.171880 0.687500 0.565366 2.000000
0.500000 1.328120 0.687500 0.619490 3.000000
0.453125 1.125000 0.875000 0.489024 2.000000
0.484375 1.140620 0.906250 0.606362 3.000000
0.484375 1.093750 0.671875 0.590756 3.000000
0.484375 1.093750 0.703125 0.560718 2.000000
0.468750 1.078120 0.718750 0.586043 3.000000
0.453125 1.390620 0.703125 0.542867 2.000000
0.453125 1.421880 0.687500 0.582698 3.000000
0.468750 1.218750 0.625000 0.579602 3.000000
0.468750 1.140620 0.625000 0.502828 2.000000
0.453125 1.078120 0.625000 0.560043 3.000000
0.484375 1.062500 0.515625 0.518429 2.000000
0.484375 1.031250 0.531250 0.556302 3.000000
0.468750 1.031250 0.062500 0.426185 2.000000
0.453125 1.093750 0.000000 0.547368 3.000000
0.468750 0.906250 0.906250 0.472178 2.000000
0.484375 0.953125 0.921875 0.525624 3.000000
0.484375 0.968750 0.859375 0.496972 2.000000
0.484375 0.921875 0.875000 0.520538 3.000000
0.468750 0.984375 0.609375 0.484180 2.000000
0.468750 0.968750 0.593750 0.517256 3.000000
0.484375 0.937500 0.671875 0.484893 2.000000
0.484375 0.890625 0.656250 0.516174 3.000000
0.500000 1.062500 0.437500 0.453045 2.000000
0.453125 1.046880 0.421875 0.515317 3.000000
0.531250 1.218750 0.906250 0.471519 2.000000
0.531250 1.250000 0.890625 0.500498 3.000000
0.484375 1.015620 0.078125 0.489042 3.000000
0.500000 1.125000 0.984375 0.443503 2.000000
0.468750 1.093750 0.984375 0.487018 3.000000
0.484375 0.875000 0.953125 0.441150 2.000000
0.468750 0.906250 0.984375 0.465358 3.000000
0.468750 0.921875 0.015625 0.393318 2.000000
0.484375 0.906250 0.015625 0.452150 3.000000
0.468750 0.921875 0.265625 0.408680 2.000000
0.484375 0.953125 0.328125 0.451376 3.000000
0.453125 1.015620 0.968750 0.417788 2.000000
0.453125 1.000000 0.968750 0.442970 3.000000
0.484375 0.968750 0.140625 0.418835 2.000000
0.484375 0.953125 0.171875 0.442636 3.000000
0.468750 0.843750 0.031250 0.392596 2.000000
0.484375 0.859375 0.046875 0.428179 3.000000
0.468750 0.578125 0.703125 0.191019 2.000000
0.421875 0.531250 0.718750 0.272679 3.000000
0.484375 0.578125 0.750000 0.190897 2.000000
0.531250 0.531250 0.750000 0.272551 3.000000
0.421875 0.531250 0.218750 0.184209 2.000000
0.421875 0.531250 0.000000 0.233942 3.000000
0.531250 0.531250 0.234375 0.189240 2.000000
0.531250 0.531250 0.000000 0.233770 3.000000
0.468750 0.453125 0.000000 0.000000 0.000000
0.609375 0.046875 0.250000 0.049910 1.000000
0.734375 1.171880 0.593750 0.000667 0.000000
0.468750 1.296880 0.515625 0.031803 1.000000
0.468750 1.312500 0.531250 0.008115 0.000000
0.609375 1.140620 0.562500 0.015361 0.000000
0.625000 1.156250 0.546875 0.052233 1.000000
0.359375 1.281250 0.906250 0.017372 0.000000
0.359375 1.296880 0.937500 0.048662 1.000000
0.625000 1.078120 0.734375 0.020233 0.000000
0.640625 1.109380 0.781250 0.046127 1.000000
0.406250 1.296880 0.937500 0.020975 0.000000
0.390625 1.296880 0.937500 0.049924 1.000000
0.375000 1.078120 0.921875 0.027162 0.000000
0.359375 1.078120 0.921875 0.062982 1.000000
0.593750 1.171880 0.531250 0.027881 0.000000
0.609375 1.171880 0.531250 0.053348 1.000000
0.390625 0.937500 0.250000 0.029476 0.000000
0.359375 0.937500 0.250000 0.068510 1.000000
0.562500 0.921875 0.250000 0.034076 0.000000
0.578125 0.937500 0.203125 0.083928 1.000000
0.578125 1.203120 0.515625 0.041273 0.000000
0.578125 1.203120 0.500000 0.063347 1.000000
0.421875 1.156250 0.906250 0.084653 0.000000
0.421875 1.140620 0.906250 0.111630 1.000000
0.515625 1.218750 0.609375 0.106492 0.000000
0.531250 1.218750 0.625000 0.134779 1.000000
0.500000 1.250000 0.609375 0.134028 0.000000
0.515625 1.234380 0.593750 0.178905 1.000000
0.375000 1.203120 0.781250 0.216605 0.000000
0.375000 1.171880 0.796875 0.240534 1.000000
0.500000 1.234380 0.640625 0.538886 2.000000
0.468750 1.328120 0.718750 0.541706 2.000000
0.484375 0.968750 0.359375 0.401856 2.000000
