0.468750 1.156250 0.687500 0.613386 2.000000
0.468750 1.140620 0.640625 0.659109 3.000000
0.468750 1.109380 0.703125 0.658068 3.000000
0.453125 1.140620 0.843750 0.558277 2.000000
0.484375 1.156250 0.796875 0.653859 3.000000
0.484375 1.093750 0.890625 0.625198 3.000000
0.484375 1.093750 0.578125 0.576695 2.000000
0.484375 1.093750 0.562500 0.610728 3.000000
0.484375 1.046880 0.500000 0.532729 2.000000
0.468750 1.031250 0.484375 0.568963 3.000000
0.468750 1.296880 0.734375 0.531540 2.000000
0.468750 1.328120 0.718750 0.559369 3.000000
0.468750 0.890625 0.265625 0.399398 2.000000
0.484375 1.031250 0.000000 0.525509 3.000000
0.484375 0.921875 0.906250 0.462387 2.000000
0.484375 0.906250 0.921875 0.497432 3.000000
0.484375 0.921875 0.937500 0.436283 2.000000
0.468750 0.921875 0.968750 0.473778 3.000000
0.468750 0.890625 0.015625 0.391325 2.000000
0.484375 0.828125 0.015625 0.420663 3.000000
0.484375 0.578125 0.718750 0.189959 2.000000
0.531250 0.531250 0.750000 0.272444 3.000000
0.468750 0.578125 0.734375 0.189723 2.000000
0.421875 0.531250 0.750000 0.272283 3.000000
0.421875 0.531250 0.265625 0.188351 2.000000
0.421875 0.531250 0.000000 0.234363 3.000000
0.531250 0.531250 0.265625 0.189439 2.000000
0.531250 0.531250 0.000000 0.233200 3.000000
0.468750 0.453125 0.000000 0.000000 0.000000
0.234375 0.015625 0.328125 0.049907 1.000000
0.234375 1.062500 0.765625 0.000923 0.000000
0.296875 1.046880 0.750000 0.031538 1.000000
0.687500 1.093750 0.562500 0.001352 0.000000
0.656250 1.078120 0.703125 0.026440 1.000000
0.640625 1.078120 0.703125 0.003905 0.000000
0.406250 1.203120 0.562500 0.006162 0.000000
0.390625 1.187500 0.546875 0.032628 1.000000
0.312500 1.062500 0.718750 0.007682 0.000000
0.578125 1.093750 0.578125 0.010855 0.000000
0.578125 1.109380 0.531250 0.048227 4.000000
0.640625 1.062500 0.781250 0.011905 0.000000
0.656250 1.046880 0.734375 0.038962 1.000000
0.562500 1.125000 0.531250 0.012455 0.000000
0.609375 1.093750 0.890625 0.015550 0.000000
0.625000 1.093750 0.906250 0.042106 1.000000
0.593750 1.156250 0.593750 0.016710 0.000000
0.609375 1.140620 0.593750 0.040631 1.000000
0.406250 0.875000 0.234375 0.017549 0.000000
0.375000 0.875000 0.234375 0.063530 1.000000
0.609375 1.140620 0.843750 0.021534 0.000000
0.625000 1.125000 0.843750 0.043520 1.000000
0.343750 0.984375 0.765625 0.025770 0.000000
0.328125 1.031250 0.796875 0.049277 1.000000
0.546875 1.140620 0.515625 0.031723 0.000000
0.546875 1.140620 0.500000 0.055934 1.000000
0.578125 1.140620 0.953125 0.033849 0.000000
0.578125 1.125000 0.953125 0.056979 1.000000
0.515625 1.109380 0.750000 0.557180 2.000000
0.421875 1.156250 0.500000 0.039695 1.000000
