0.484375 1.296880 0.750000 0.630982 2.000000
0.484375 1.250000 0.750000 0.669052 3.000000
0.500000 1.343750 0.765625 0.653948 3.000000
0.453125 1.312500 0.796875 0.566202 2.000000
0.484375 1.281250 0.828125 0.653016 3.000000
0.484375 1.250000 0.671875 0.620772 2.000000
0.484375 1.265620 0.687500 0.648850 3.000000
0.468750 1.250000 0.640625 0.647298 3.000000
0.468750 1.250000 0.625000 0.588922 2.000000
0.468750 1.250000 0.593750 0.620934 3.000000
0.484375 1.062500 0.734375 0.573112 2.000000
0.484375 1.031250 0.734375 0.600616 3.000000
0.484375 1.203120 0.906250 0.563909 2.000000
0.484375 1.171880 0.937500 0.596172 3.000000
0.500000 1.234380 0.921875 0.561303 2.000000
0.500000 1.250000 0.921875 0.585258 3.000000
0.484375 1.109380 0.843750 0.536695 2.000000
0.484375 1.078120 0.843750 0.561173 3.000000
0.468750 0.953125 0.859375 0.502078 2.000000
0.484375 1.031250 0.890625 0.555511 3.000000
0.468750 0.937500 0.218750 0.404821 2.000000
0.500000 1.093750 0.015625 0.535107 3.000000
0.500000 1.406250 0.812500 0.499400 2.000000
0.515625 1.421880 0.812500 0.525208 3.000000
0.500000 1.421880 0.734375 0.472520 2.000000
0.468750 1.468750 0.734375 0.506215 3.000000
0.468750 0.968750 0.937500 0.469742 2.000000
0.468750 0.890625 0.937500 0.493385 3.000000
0.406250 1.265620 0.734375 0.459484 2.000000
0.390625 1.265620 0.750000 0.485136 3.000000
0.531250 1.296880 0.578125 0.453266 2.000000
0.531250 1.296880 0.593750 0.478813 3.000000
0.468750 0.843750 0.953125 0.441640 2.000000
0.468750 0.890625 0.968750 0.469743 3.000000
0.484375 0.859375 0.031250 0.396326 2.000000
0.468750 0.859375 0.046875 0.425259 3.000000
0.468750 0.578125 0.765625 0.189202 2.000000
0.421875 0.531250 0.750000 0.272640 3.000000
0.484375 0.578125 0.750000 0.189781 2.000000
0.531250 0.531250 0.734375 0.271314 3.000000
0.531250 0.531250 0.203125 0.184980 2.000000
0.531250 0.531250 0.015625 0.236549 3.000000
0.421875 0.531250 0.234375 0.188593 2.000000
0.421875 0.531250 0.000000 0.232794 3.000000
0.515625 1.984380 0.265625 0.049963 2.000000
0.500000 1.390620 0.000000 0.072186 3.000000
0.468750 0.453125 0.000000 0.000000 0.000000
0.234375 0.171875 0.125000 0.049879 1.000000
0.750000 1.171880 0.640625 0.001034 0.000000
0.671875 1.140620 0.781250 0.035461 1.000000
0.593750 1.093750 0.812500 0.006806 0.000000
0.625000 1.156250 0.843750 0.040611 1.000000
0.656250 1.140620 0.750000 0.010468 0.000000
0.421875 0.890625 0.953125 0.013423 0.000000
0.343750 0.906250 0.984375 0.036678 1.000000
0.593750 1.203120 0.859375 0.014855 0.000000
0.593750 1.234380 0.859375 0.038975 4.000000
0.593750 1.156250 0.578125 0.014974 0.000000
0.609375 1.171880 0.562500 0.062896 1.000000
0.609375 1.234380 0.875000 0.015018 0.000000
0.390625 1.203120 0.937500 0.022766 0.000000
0.390625 1.218750 0.953125 0.047983 1.000000
0.531250 1.312500 0.546875 0.027325 0.000000
0.546875 1.312500 0.546875 0.049102 1.000000
0.390625 0.937500 0.234375 0.032699 0.000000
0.375000 0.937500 0.234375 0.080676 1.000000
0.562500 0.937500 0.265625 0.036948 0.000000
0.593750 0.937500 0.281250 0.075917 1.000000
0.531250 1.250000 0.625000 0.198491 0.000000
0.546875 1.234380 0.625000 0.236625 1.000000
0.437500 1.234380 0.890625 0.232851 0.000000
0.421875 1.234380 0.875000 0.258343 1.000000
0.515625 1.296880 0.718750 0.588600 2.000000
