0.468750 1.281250 0.750000 0.621495 2.000000
0.468750 1.359380 0.796875 0.694209 3.000000
0.453125 1.312500 0.703125 0.628398 2.000000
0.468750 1.390620 0.687500 0.679068 3.000000
0.453125 1.250000 0.734375 0.650481 3.000000
0.468750 1.171880 0.765625 0.594963 2.000000
0.468750 1.140620 0.734375 0.623984 3.000000
0.500000 1.281250 0.843750 0.547579 2.000000
0.515625 1.281250 0.843750 0.571253 3.000000
0.484375 1.171880 0.843750 0.537244 2.000000
0.484375 1.109380 0.859375 0.569175 3.000000
0.500000 1.203120 0.578125 0.481499 2.000000
0.531250 1.281250 0.593750 0.559116 3.000000
0.500000 1.000000 0.625000 0.487593 2.000000
0.484375 1.031250 0.562500 0.557564 3.000000
0.484375 0.906250 0.828125 0.515281 2.000000
0.484375 0.953125 0.843750 0.555980 3.000000
0.453125 1.031250 0.421875 0.438058 2.000000
0.453125 1.093750 0.453125 0.535384 3.000000
0.468750 0.921875 0.640625 0.504481 2.000000
0.484375 0.937500 0.625000 0.530596 3.000000
0.500000 1.125000 0.562500 0.528161 3.000000
0.484375 0.890625 0.906250 0.492395 2.000000
0.484375 0.953125 0.921875 0.525347 3.000000
0.484375 1.078120 0.062500 0.440890 2.000000
0.500000 1.109380 0.031250 0.522396 3.000000
0.500000 1.140620 0.921875 0.443763 2.000000
0.453125 1.187500 0.953125 0.515378 3.000000
0.468750 1.046880 0.078125 0.489613 3.000000
0.468750 1.031250 0.406250 0.480397 3.000000
0.484375 0.984375 0.015625 0.396365 2.000000
0.484375 0.921875 0.000000 0.461666 3.000000
0.500000 1.015620 0.984375 0.415200 2.000000
0.500000 1.000000 0.984375 0.438839 3.000000
0.468750 0.984375 0.328125 0.415479 2.000000
0.484375 0.968750 0.296875 0.438375 3.000000
0.484375 1.031250 0.984375 0.437114 3.000000
0.437500 1.125000 0.062500 0.340454 2.000000
0.437500 1.140620 0.062500 0.363202 3.000000
0.468750 0.578125 0.703125 0.189139 2.000000
0.421875 0.531250 0.718750 0.272630 3.000000
0.531250 0.531250 0.312500 0.189812 2.000000
0.531250 0.531250 0.765625 0.272413 3.000000
0.406250 1.218750 0.562500 0.221546 2.000000
0.406250 1.218750 0.578125 0.245415 3.000000
0.406250 1.203120 0.578125 0.215910 2.000000
0.390625 1.187500 0.562500 0.237944 3.000000
0.531250 0.531250 0.015625 0.236854 3.000000
0.421875 0.531250 0.218750 0.184874 2.000000
0.421875 0.531250 0.000000 0.233863 3.000000
0.468750 0.453125 0.000000 0.000000 0.000000
0.359375 0.062500 0.296875 0.049904 1.000000
0.203125 1.203120 0.781250 0.000901 0.000000
0.656250 1.203120 0.765625 0.029216 1.000000
0.609375 1.187500 0.796875 0.004304 0.000000
0.390625 1.046880 0.984375 0.005383 0.000000
0.328125 1.031250 0.984375 0.029920 1.000000
0.546875 1.312500 0.937500 0.015690 0.000000
0.578125 1.312500 0.921875 0.042447 1.000000
0.625000 1.156250 0.671875 0.016638 0.000000
0.609375 1.218750 0.640625 0.041967 1.000000
0.546875 1.015620 0.593750 0.028871 0.000000
0.578125 1.015620 0.578125 0.051581 1.000000
0.562500 0.953125 0.234375 0.034443 0.000000
0.593750 0.953125 0.234375 0.087807 1.000000
0.390625 0.968750 0.203125 0.048644 0.000000
0.359375 0.968750 0.187500 0.079925 1.000000
0.546875 1.093750 0.484375 0.058567 0.000000
0.546875 1.078120 0.500000 0.090642 1.000000
0.421875 1.171880 0.546875 0.106617 0.000000
0.390625 1.171880 0.593750 0.151408 1.000000
0.515625 1.140620 0.453125 0.126305 0.000000
0.515625 1.140620 0.468750 0.168279 1.000000
0.437500 1.203120 0.562500 0.128853 0.000000
0.437500 1.187500 0.562500 0.157025 1.000000
0.406250 1.187500 0.609375 0.129322 0.000000
0.515625 1.125000 0.437500 0.142256 0.000000
0.515625 1.109380 0.437500 0.164418 1.000000
0.390625 1.234380 0.734375 0.194832 0.000000
0.390625 1.187500 0.734375 0.252386 1.000000
0.421875 1.296880 0.843750 0.264831 0.000000
0.421875 1.281250 0.859375 0.295358 1.000000
0.500000 1.062500 0.578125 0.470166 2.000000
0.484375 0.984375 0.187500 0.407675 2.000000
0.484375 0.968750 0.984375 0.400893 2.000000
0.484375 0.578125 0.718750 0.187630 2.000000
0.406250 1.156250 0.625000 0.152205 1.000000
0.484375 1.156250 0.484375 0.400842 2.000000
