0.484375 1.062500 0.859375 0.584722 2.000000
0.468750 1.078120 0.828125 0.634887 3.000000
0.500000 1.062500 0.718750 0.593451 2.000000
0.484375 1.109380 0.781250 0.633339 3.000000
0.468750 1.078120 0.593750 0.597264 2.000000
0.468750 1.062500 0.609375 0.630243 3.000000
0.484375 1.078120 0.703125 0.628482 3.000000
0.468750 1.046880 0.578125 0.621392 3.000000
0.484375 1.125000 0.734375 0.588185 2.000000
0.484375 1.171880 0.734375 0.612856 3.000000
0.484375 1.062500 0.875000 0.608349 3.000000
0.468750 0.859375 0.234375 0.388536 2.000000
0.484375 1.000000 0.000000 0.547284 3.000000
0.484375 0.859375 0.781250 0.491361 2.000000
0.468750 0.875000 0.796875 0.527551 3.000000
0.484375 0.843750 0.718750 0.500410 2.000000
0.484375 0.859375 0.734375 0.526301 3.000000
0.468750 0.578125 0.734375 0.189337 2.000000
0.421875 0.531250 0.750000 0.274895 3.000000
0.484375 0.578125 0.750000 0.189395 2.000000
0.531250 0.531250 0.750000 0.272206 3.000000
0.531250 0.531250 0.203125 0.185576 2.000000
0.531250 0.531250 0.015625 0.236338 3.000000
0.421875 0.531250 0.265625 0.185673 2.000000
0.421875 0.531250 0.000000 0.233800 3.000000
0.468750 0.453125 0.000000 0.000000 0.000000
0.312500 0.046875 0.187500 0.049893 1.000000
0.718750 1.031250 0.765625 0.001059 0.000000
0.656250 1.046880 0.671875 0.033999 1.000000
0.265625 1.046880 0.578125 0.001985 0.000000
0.312500 1.046880 0.640625 0.036399 1.000000
0.546875 0.843750 0.234375 0.002088 0.000000
0.562500 0.859375 0.265625 0.067365 1.000000
0.359375 1.046880 0.640625 0.007981 0.000000
0.609375 1.062500 0.671875 0.008022 0.000000
0.640625 1.046880 0.781250 0.031987 1.000000
0.609375 1.078120 0.812500 0.008056 0.000000
0.343750 0.984375 0.750000 0.016026 0.000000
0.343750 0.984375 0.718750 0.039386 1.000000
0.578125 1.109380 0.921875 0.023822 0.000000
0.593750 1.109380 0.921875 0.047944 1.000000
0.406250 0.843750 0.250000 0.025201 0.000000
0.390625 0.859375 0.234375 0.070081 1.000000
0.578125 1.031250 0.578125 0.041637 0.000000
0.578125 1.062500 0.546875 0.066852 1.000000
0.484375 1.031250 0.640625 0.566261 2.000000
0.453125 1.109380 0.812500 0.582304 2.000000
0.484375 1.171880 0.250000 0.042220 1.000000
