0.468750 1.359380 0.734375 0.521578 2.000000
0.453125 1.359380 0.781250 0.670314 3.000000
0.500000 1.250000 0.687500 0.562276 2.000000
0.500000 1.187500 0.687500 0.615992 3.000000
0.500000 1.218750 0.531250 0.530228 2.000000
0.453125 1.296880 0.578125 0.614736 3.000000
0.515625 1.406250 0.703125 0.599510 3.000000
0.468750 1.140620 0.890625 0.501039 2.000000
0.484375 1.203120 0.906250 0.582074 3.000000
0.437500 1.453120 0.703125 0.497039 2.000000
0.437500 1.484380 0.687500 0.575654 3.000000
0.468750 1.171880 0.640625 0.512531 2.000000
0.453125 1.156250 0.625000 0.568555 3.000000
0.484375 1.140620 0.531250 0.535273 2.000000
0.484375 1.156250 0.515625 0.567917 3.000000
0.484375 1.078120 0.531250 0.566876 3.000000
0.453125 1.062500 0.046875 0.423666 2.000000
0.453125 1.125000 0.000000 0.556175 3.000000
0.484375 1.015620 0.875000 0.501139 2.000000
0.484375 0.953125 0.875000 0.541885 3.000000
0.468750 0.937500 0.906250 0.489379 2.000000
0.484375 1.000000 0.921875 0.540368 3.000000
0.468750 0.953125 0.640625 0.503060 2.000000
0.468750 0.921875 0.640625 0.539806 3.000000
0.500000 1.078120 0.859375 0.504048 2.000000
0.500000 1.031250 0.875000 0.535151 3.000000
0.468750 1.046880 0.609375 0.495534 2.000000
0.468750 1.031250 0.593750 0.534346 3.000000
0.484375 1.109380 0.859375 0.533676 3.000000
0.500000 1.093750 0.437500 0.459849 2.000000
0.453125 1.078120 0.421875 0.531948 3.000000
0.515625 1.281250 0.546875 0.501040 2.000000
0.531250 1.265620 0.546875 0.526909 3.000000
0.515625 1.171880 0.968750 0.412502 2.000000
0.468750 1.109380 0.984375 0.503437 3.000000
0.484375 1.046880 0.078125 0.486850 3.000000
0.484375 0.921875 0.937500 0.443554 2.000000
0.468750 0.953125 0.984375 0.483549 3.000000
0.421875 1.375000 0.609375 0.441030 2.000000
0.421875 1.390620 0.593750 0.472948 3.000000
0.484375 0.937500 0.046875 0.420134 2.000000
0.484375 0.953125 0.015625 0.464208 3.000000
0.468750 0.921875 0.484375 0.431920 2.000000
0.468750 0.921875 0.468750 0.456772 3.000000
0.484375 1.000000 0.359375 0.413640 2.000000
0.484375 0.968750 0.328125 0.449556 3.000000
0.484375 0.906250 0.046875 0.448486 3.000000
0.468750 0.953125 0.265625 0.412521 2.000000
0.468750 0.968750 0.203125 0.437341 3.000000
0.484375 1.046880 0.468750 0.363266 2.000000
0.484375 1.031250 0.468750 0.385477 3.000000
0.546875 1.375000 0.609375 0.330083 2.000000
0.546875 1.359380 0.578125 0.354539 3.000000
0.468750 0.578125 0.703125 0.191486 2.000000
0.421875 0.531250 0.718750 0.272450 3.000000
0.484375 0.578125 0.750000 0.190880 2.000000
0.531250 0.531250 0.750000 0.272226 3.000000
0.421875 0.531250 0.218750 0.183941 2.000000
0.421875 0.531250 0.000000 0.234139 3.000000
0.531250 0.531250 0.234375 0.189330 2.000000
0.531250 0.531250 0.000000 0.233888 3.000000
0.468750 0.453125 0.000000 0.000000 0.000000
0.343750 0.015625 0.421875 0.049894 1.000000
0.718750 1.203120 0.906250 0.000411 0.000000
0.500000 1.359380 0.953125 0.035591 1.000000
0.343750 1.328120 0.906250 0.003294 0.000000
0.343750 1.312500 0.906250 0.037484 1.000000
0.484375 1.375000 0.937500 0.009719 0.000000
0.359375 1.328120 0.921875 0.012013 0.000000
0.343750 1.328120 0.921875 0.045187 1.000000
0.375000 1.328120 0.937500 0.014531 0.000000
0.375000 1.328120 0.953125 0.042453 1.000000
0.640625 1.140620 0.765625 0.016599 0.000000
0.656250 1.171880 0.781250 0.049160 1.000000
0.359375 1.109380 0.937500 0.018363 0.000000
0.343750 1.125000 0.937500 0.055286 1.000000
0.625000 1.187500 0.546875 0.021341 0.000000
0.625000 1.203120 0.546875 0.048530 1.000000
0.609375 1.171880 0.578125 0.032123 0.000000
0.609375 1.187500 0.578125 0.055561 1.000000
0.390625 0.953125 0.234375 0.039253 0.000000
0.359375 0.953125 0.250000 0.076411 1.000000
0.562500 0.953125 0.265625 0.043674 0.000000
0.578125 0.968750 0.203125 0.088991 1.000000
0.421875 1.187500 0.906250 0.043842 0.000000
0.390625 1.156250 0.890625 0.098971 1.000000
0.515625 1.265620 0.625000 0.069684 0.000000
0.531250 1.250000 0.625000 0.125854 1.000000
0.531250 1.234380 0.640625 0.088776 0.000000
0.593750 1.218750 0.671875 0.102804 0.000000
0.593750 1.234380 0.671875 0.124903 1.000000
0.500000 1.281250 0.609375 0.134687 0.000000
0.515625 1.281250 0.609375 0.157906 1.000000
0.421875 1.046880 0.078125 0.138229 0.000000
0.406250 1.031250 0.062500 0.166351 1.000000
0.375000 1.265620 0.765625 0.217016 0.000000
0.390625 1.203120 0.750000 0.268670 1.000000
0.437500 1.296880 0.578125 0.528385 2.000000
0.437500 1.031250 0.000000 0.411088 2.000000
0.546875 1.203120 0.625000 0.126978 1.000000
0.468750 0.984375 0.203125 0.408962 2.000000
0.484375 1.000000 0.828125 0.495309 2.000000
