0.468750 1.062500 0.781250 0.578703 2.000000
0.468750 1.265620 0.812500 0.672239 3.000000
0.484375 1.234380 0.718750 0.561719 2.000000
0.500000 1.234380 0.687500 0.620497 3.000000
0.500000 1.234380 0.656250 0.552526 2.000000
0.468750 1.125000 0.546875 0.609597 3.000000
0.468750 1.000000 0.796875 0.600683 3.000000
0.484375 1.031250 0.703125 0.533926 2.000000
0.468750 1.031250 0.718750 0.578716 3.000000
0.468750 1.234380 0.890625 0.524027 2.000000
0.468750 1.250000 0.890625 0.561970 3.000000
0.468750 1.062500 0.906250 0.523477 2.000000
0.468750 1.078120 0.906250 0.553686 3.000000
0.468750 1.015620 0.046875 0.446926 2.000000
0.453125 1.046880 0.015625 0.551581 3.000000
0.484375 1.046880 0.906250 0.551290 3.000000
0.500000 1.156250 0.906250 0.510851 2.000000
0.531250 1.218750 0.906250 0.545760 3.000000
0.468750 1.062500 0.656250 0.499076 2.000000
0.453125 1.000000 0.625000 0.539330 3.000000
0.484375 1.000000 0.515625 0.479517 2.000000
0.484375 0.968750 0.531250 0.525365 3.000000
0.468750 0.937500 0.562500 0.477472 2.000000
0.468750 0.937500 0.593750 0.521213 3.000000
0.468750 0.875000 0.906250 0.458018 2.000000
0.484375 0.906250 0.921875 0.507651 3.000000
0.484375 1.062500 0.984375 0.473838 2.000000
0.468750 1.062500 0.984375 0.505731 3.000000
0.484375 1.015620 0.437500 0.464572 2.000000
0.468750 1.000000 0.421875 0.498623 3.000000
0.484375 0.968750 0.078125 0.485991 3.000000
0.468750 0.968750 0.406250 0.452532 2.000000
0.484375 0.968750 0.390625 0.479426 3.000000
0.468750 0.890625 0.953125 0.425901 2.000000
0.468750 0.859375 0.968750 0.448008 3.000000
0.453125 0.937500 0.015625 0.406071 2.000000
0.468750 0.921875 0.015625 0.429754 3.000000
0.468750 0.890625 0.015625 0.397040 2.000000
0.484375 0.843750 0.015625 0.425119 3.000000
0.484375 0.578125 0.750000 0.190629 2.000000
0.531250 0.531250 0.750000 0.272930 3.000000
0.468750 0.578125 0.703125 0.190696 2.000000
0.421875 0.531250 0.718750 0.272849 3.000000
0.421875 0.531250 0.218750 0.184668 2.000000
0.421875 0.531250 0.000000 0.233913 3.000000
0.531250 0.531250 0.296875 0.189145 2.000000
0.531250 0.531250 0.000000 0.233663 3.000000
0.468750 0.453125 0.000000 0.000000 0.000000
0.140625 0.062500 0.484375 0.049910 1.000000
0.703125 1.125000 0.906250 0.000380 0.000000
0.343750 1.140620 0.578125 0.038419 1.000000
0.484375 1.281250 0.546875 0.006817 0.000000
0.562500 1.265620 0.546875 0.042875 1.000000
0.625000 1.062500 0.765625 0.009454 0.000000
0.625000 1.078120 0.734375 0.045392 1.000000
0.359375 1.140620 0.609375 0.014107 0.000000
0.390625 1.234380 0.906250 0.018464 0.000000
0.375000 1.234380 0.890625 0.053285 1.000000
0.593750 1.109380 0.546875 0.019478 0.000000
0.609375 1.125000 0.546875 0.048660 1.000000
0.406250 1.250000 0.921875 0.031246 0.000000
0.437500 1.250000 0.937500 0.053609 1.000000
0.390625 0.906250 0.250000 0.033455 0.000000
0.375000 0.906250 0.250000 0.066727 1.000000
0.500000 1.203120 0.593750 0.168090 0.000000
0.515625 1.203120 0.593750 0.194554 1.000000
0.500000 1.218750 0.906250 0.505454 2.000000
0.484375 0.921875 0.218750 0.402313 2.000000
