0.484375 1.171880 0.750000 0.600210 2.000000
0.484375 1.171880 0.718750 0.658401 3.000000
0.500000 1.187500 0.765625 0.631997 3.000000
0.468750 1.140620 0.828125 0.566200 2.000000
0.468750 1.125000 0.906250 0.625897 3.000000
0.468750 1.046880 0.640625 0.555714 2.000000
0.484375 1.109380 0.609375 0.614445 3.000000
0.468750 1.171880 0.796875 0.573573 2.000000
0.453125 1.156250 0.796875 0.597260 3.000000
0.468750 1.109380 0.671875 0.561701 2.000000
0.453125 1.078120 0.671875 0.596505 3.000000
0.468750 1.187500 0.656250 0.593861 3.000000
0.500000 1.109380 0.562500 0.492336 2.000000
0.453125 1.031250 0.500000 0.559203 3.000000
0.484375 1.062500 0.796875 0.520196 2.000000
0.484375 1.015620 0.796875 0.543374 3.000000
0.484375 0.890625 0.250000 0.399065 2.000000
0.484375 1.031250 0.000000 0.531712 3.000000
0.484375 0.859375 0.593750 0.470533 2.000000
0.484375 0.890625 0.578125 0.492648 3.000000
0.468750 0.937500 0.500000 0.438425 2.000000
0.468750 0.859375 0.531250 0.461403 3.000000
0.468750 0.578125 0.734375 0.190338 2.000000
0.421875 0.531250 0.734375 0.272220 3.000000
0.531250 0.531250 0.218750 0.189932 2.000000
0.531250 0.531250 0.718750 0.272191 3.000000
0.421875 0.531250 0.281250 0.188501 2.000000
0.421875 0.531250 0.000000 0.240287 3.000000
0.531250 0.531250 0.000000 0.233279 3.000000
0.546875 1.984380 0.312500 0.050316 2.000000
0.484375 1.250000 0.000000 0.078397 3.000000
0.468750 0.453125 0.000000 0.000000 0.000000
0.203125 0.093750 0.328125 0.049907 1.000000
0.703125 1.078120 0.593750 0.000936 0.000000
0.515625 1.171880 0.000000 0.027322 1.000000
0.265625 1.093750 0.921875 0.001148 0.000000
0.609375 1.140620 0.843750 0.013164 0.000000
0.625000 1.093750 0.843750 0.035659 1.000000
0.328125 1.031250 0.750000 0.013198 0.000000
0.312500 1.046880 0.765625 0.036707 1.000000
0.359375 1.046880 0.562500 0.013224 0.000000
0.343750 1.046880 0.546875 0.047943 1.000000
0.406250 0.875000 0.250000 0.017957 0.000000
0.390625 0.875000 0.281250 0.084663 1.000000
0.578125 1.140620 0.921875 0.031670 0.000000
0.593750 1.140620 0.921875 0.056711 1.000000
0.546875 0.875000 0.250000 0.035746 0.000000
0.578125 0.875000 0.250000 0.065981 1.000000
0.500000 1.078120 0.500000 0.248436 0.000000
0.500000 1.062500 0.500000 0.271827 1.000000
0.453125 1.109380 0.687500 0.557664 2.000000
0.484375 0.578125 0.750000 0.188464 2.000000
