0.484375 1.156250 0.734375 0.617365 2.000000
0.500000 1.265620 0.734375 0.686795 3.000000
0.484375 1.093750 0.734375 0.641424 3.000000
0.468750 1.187500 0.843750 0.552805 2.000000
0.468750 1.203120 0.875000 0.634680 3.000000
0.453125 1.203120 0.656250 0.592170 2.000000
0.453125 1.265620 0.656250 0.632818 3.000000
0.468750 1.203120 0.625000 0.625822 3.000000
0.468750 1.140620 0.640625 0.590544 2.000000
0.484375 1.125000 0.640625 0.620272 3.000000
0.468750 1.140620 0.828125 0.606830 3.000000
0.484375 1.390620 0.687500 0.562783 2.000000
0.484375 1.421880 0.687500 0.597215 3.000000
0.484375 1.234380 0.781250 0.538470 2.000000
0.453125 1.281250 0.781250 0.583438 3.000000
0.500000 1.265620 0.609375 0.543819 2.000000
0.500000 1.281250 0.609375 0.582649 3.000000
0.515625 1.109380 0.562500 0.480909 2.000000
0.453125 1.125000 0.515625 0.577894 3.000000
0.484375 1.171880 0.968750 0.494520 2.000000
0.484375 1.125000 0.984375 0.533788 3.000000
0.515625 1.390620 0.765625 0.489518 2.000000
0.500000 1.421880 0.765625 0.528109 3.000000
0.484375 1.062500 0.046875 0.463016 2.000000
0.468750 1.046880 0.046875 0.527903 3.000000
0.500000 1.109380 0.015625 0.527740 3.000000
0.468750 0.937500 0.609375 0.494838 2.000000
0.468750 0.890625 0.609375 0.518681 3.000000
0.468750 1.062500 0.468750 0.480644 2.000000
0.484375 1.046880 0.437500 0.517658 3.000000
0.468750 0.890625 0.843750 0.484951 2.000000
0.468750 0.859375 0.859375 0.508590 3.000000
0.515625 1.078120 0.562500 0.506255 3.000000
0.515625 1.140620 0.562500 0.475620 2.000000
0.515625 1.171880 0.562500 0.502681 3.000000
0.421875 1.281250 0.781250 0.465058 2.000000
0.406250 1.281250 0.781250 0.489218 3.000000
0.468750 0.968750 0.531250 0.455889 2.000000
0.468750 0.937500 0.531250 0.485724 3.000000
0.484375 0.968750 0.953125 0.438293 2.000000
0.468750 1.000000 0.937500 0.481006 3.000000
0.468750 0.906250 0.953125 0.445518 2.000000
0.484375 0.937500 0.984375 0.479616 3.000000
0.468750 1.015620 0.078125 0.452920 2.000000
0.484375 1.000000 0.093750 0.478720 3.000000
0.500000 0.953125 0.984375 0.407561 2.000000
0.500000 0.968750 0.984375 0.443076 3.000000
0.484375 1.000000 0.953125 0.418243 2.000000
0.500000 1.000000 0.968750 0.440302 3.000000
0.421875 0.531250 0.187500 0.190099 2.000000
0.421875 0.531250 0.734375 0.272221 3.000000
0.531250 0.531250 0.218750 0.189408 2.000000
0.531250 0.531250 0.750000 0.271665 3.000000
0.421875 0.531250 0.000000 0.240538 3.000000
0.531250 0.531250 0.000000 0.233102 3.000000
0.531250 1.953120 0.328125 0.050096 2.000000
0.468750 1.312500 0.000000 0.095300 3.000000
0.468750 0.453125 0.000000 0.000000 0.000000
0.265625 0.062500 0.015625 0.049892 1.000000
0.718750 1.187500 0.921875 0.000447 0.000000
0.359375 1.234380 0.906250 0.036930 1.000000
0.609375 1.187500 0.859375 0.011261 0.000000
0.656250 1.187500 0.875000 0.036959 1.000000
0.359375 1.218750 0.890625 0.011270 0.000000
0.312500 1.093750 0.750000 0.013578 0.000000
0.296875 1.125000 0.796875 0.038124 1.000000
0.343750 1.125000 0.546875 0.018642 0.000000
0.328125 1.125000 0.515625 0.041256 1.000000
0.390625 0.937500 0.234375 0.028972 0.000000
0.375000 0.937500 0.218750 0.092555 1.000000
0.562500 0.937500 0.265625 0.036080 0.000000
0.578125 0.921875 0.250000 0.070229 1.000000
0.468750 1.281250 0.984375 0.038748 0.000000
0.437500 1.265620 0.984375 0.064568 1.000000
0.468750 1.437500 0.734375 0.082791 0.000000
0.421875 1.406250 0.734375 0.111127 1.000000
0.437500 1.125000 0.000000 0.227501 0.000000
0.437500 1.156250 0.000000 0.272213 1.000000
0.453125 1.187500 0.796875 0.536463 2.000000
0.468750 0.578125 0.734375 0.189545 2.000000
0.484375 0.578125 0.750000 0.189147 2.000000
0.468750 1.312500 0.687500 0.559413 2.000000
0.468750 0.937500 0.218750 0.408642 2.000000
0.515625 1.062500 0.609375 0.477114 2.000000
