0.468750 1.062500 0.781250 0.584696 2.000000
0.468750 1.140620 0.812500 0.656312 3.000000
0.468750 1.062500 0.765625 0.620282 3.000000
0.453125 1.046880 0.750000 0.578768 2.000000
0.453125 1.078120 0.718750 0.609028 3.000000
0.484375 1.078120 0.640625 0.548828 2.000000
0.484375 1.078120 0.671875 0.599986 3.000000
0.468750 1.046880 0.562500 0.585630 3.000000
0.484375 0.953125 0.062500 0.459354 2.000000
0.468750 1.000000 0.000000 0.523398 3.000000
0.484375 0.968750 0.546875 0.471264 2.000000
0.484375 0.921875 0.546875 0.496645 3.000000
0.468750 0.875000 0.562500 0.459689 2.000000
0.468750 0.843750 0.593750 0.487340 3.000000
0.484375 0.921875 0.078125 0.485750 3.000000
0.484375 0.921875 0.406250 0.442303 2.000000
0.484375 0.906250 0.390625 0.467539 3.000000
0.468750 0.921875 0.109375 0.433662 2.000000
0.468750 0.890625 0.109375 0.461649 3.000000
0.468750 0.578125 0.703125 0.190312 2.000000
0.421875 0.531250 0.718750 0.273183 3.000000
0.484375 0.578125 0.750000 0.189200 2.000000
0.531250 0.531250 0.750000 0.273172 3.000000
0.421875 0.531250 0.218750 0.185329 2.000000
0.421875 0.531250 0.000000 0.234036 3.000000
0.531250 0.531250 0.296875 0.188720 2.000000
0.531250 0.531250 0.000000 0.233447 3.000000
0.468750 0.453125 0.000000 0.000000 0.000000
0.296875 0.078125 0.296875 0.049902 1.000000
0.265625 1.046880 0.578125 0.000997 0.000000
0.421875 1.140620 0.937500 0.032398 1.000000
0.687500 1.046880 0.906250 0.001012 0.000000
0.609375 0.984375 0.765625 0.002757 0.000000
0.625000 1.015620 0.828125 0.040608 1.000000
0.593750 1.109380 0.625000 0.007517 0.000000
0.609375 1.078120 0.625000 0.036309 1.000000
0.359375 1.046880 0.625000 0.011246 0.000000
0.359375 1.000000 0.671875 0.033461 1.000000
0.406250 0.843750 0.234375 0.021643 0.000000
0.390625 0.859375 0.250000 0.060390 1.000000
0.359375 1.078120 0.562500 0.023121 0.000000
0.343750 1.078120 0.578125 0.046177 1.000000
0.546875 0.843750 0.250000 0.030060 0.000000
0.562500 0.859375 0.203125 0.068794 1.000000
0.578125 1.015620 0.593750 0.031634 0.000000
0.609375 1.031250 0.578125 0.059178 1.000000
0.500000 1.062500 0.687500 0.545586 2.000000
0.484375 0.843750 0.234375 0.389505 2.000000
