0.484375 1.125000 0.734375 0.618503 2.000000
0.468750 1.171880 0.765625 0.688799 3.000000
0.468750 1.187500 0.703125 0.648019 3.000000
0.515625 1.171880 0.812500 0.567395 2.000000
0.453125 1.187500 0.890625 0.641259 3.000000
0.468750 1.046880 0.796875 0.553071 2.000000
0.468750 1.015620 0.796875 0.598964 3.000000
0.453125 1.109380 0.906250 0.549583 2.000000
0.484375 1.046880 0.953125 0.594105 3.000000
0.484375 1.156250 0.578125 0.544401 2.000000
0.500000 1.140620 0.562500 0.577794 3.000000
0.484375 1.062500 0.828125 0.547641 2.000000
0.484375 1.000000 0.828125 0.577162 3.000000
0.500000 1.093750 0.531250 0.530769 2.000000
0.500000 1.046880 0.531250 0.567541 3.000000
0.484375 0.906250 0.859375 0.498086 2.000000
0.468750 0.921875 0.875000 0.522395 3.000000
0.484375 0.906250 0.234375 0.392536 2.000000
0.468750 1.000000 0.046875 0.498493 3.000000
0.468750 0.968750 0.406250 0.446710 2.000000
0.484375 0.968750 0.406250 0.474740 3.000000
0.468750 0.921875 0.359375 0.419158 2.000000
0.468750 0.921875 0.343750 0.447767 3.000000
0.468750 0.937500 0.000000 0.387270 2.000000
0.468750 0.890625 0.000000 0.440799 3.000000
0.468750 0.578125 0.734375 0.191075 2.000000
0.421875 0.531250 0.734375 0.272677 3.000000
0.484375 0.578125 0.750000 0.190103 2.000000
0.531250 0.531250 0.734375 0.271906 3.000000
0.421875 0.531250 0.265625 0.190163 2.000000
0.421875 0.531250 0.000000 0.233648 3.000000
0.531250 0.531250 0.234375 0.189632 2.000000
0.531250 0.531250 0.000000 0.233071 3.000000
0.468750 0.453125 0.000000 0.000000 0.000000
0.546875 0.015625 0.312500 0.049897 1.000000
0.218750 1.078120 0.734375 0.001445 0.000000
0.312500 1.140620 0.859375 0.033704 1.000000
0.359375 1.125000 0.843750 0.010719 0.000000
0.593750 1.093750 0.921875 0.015022 0.000000
0.609375 1.109380 0.937500 0.065141 1.000000
0.609375 1.125000 0.625000 0.016568 0.000000
0.640625 1.125000 0.609375 0.042340 1.000000
0.328125 1.031250 0.718750 0.018153 0.000000
0.312500 1.046880 0.734375 0.043972 1.000000
0.546875 1.171880 0.531250 0.030088 0.000000
0.562500 1.171880 0.515625 0.052014 1.000000
0.562500 0.890625 0.234375 0.037289 0.000000
0.578125 0.890625 0.234375 0.066190 1.000000
0.406250 0.890625 0.265625 0.044888 0.000000
0.375000 0.875000 0.281250 0.075298 1.000000
0.375000 1.046880 0.546875 0.046126 0.000000
0.359375 1.046880 0.546875 0.068325 1.000000
0.453125 1.078120 0.000000 0.330873 0.000000
0.437500 1.093750 0.000000 0.364643 1.000000
