0.500000 1.109380 0.765625 0.582472 2.000000
0.468750 1.109380 0.812500 0.642997 3.000000
0.468750 1.093750 0.843750 0.573961 2.000000
0.468750 1.078120 0.859375 0.639825 3.000000
0.468750 1.140620 0.703125 0.603565 2.000000
0.484375 1.125000 0.671875 0.638674 3.000000
0.468750 1.125000 0.734375 0.626425 3.000000
0.484375 1.046880 0.937500 0.540319 2.000000
0.484375 1.031250 0.953125 0.578391 3.000000
0.468750 0.984375 0.765625 0.532819 2.000000
0.468750 0.968750 0.765625 0.558414 3.000000
0.484375 0.859375 0.250000 0.393994 2.000000
0.468750 1.015620 0.000000 0.530095 3.000000
0.468750 0.843750 0.531250 0.433346 2.000000
0.484375 0.843750 0.515625 0.466712 3.000000
0.468750 0.875000 0.031250 0.385072 2.000000
0.484375 0.875000 0.000000 0.430134 3.000000
0.484375 0.578125 0.750000 0.189322 2.000000
0.531250 0.531250 0.750000 0.273679 3.000000
0.468750 0.578125 0.765625 0.191008 2.000000
0.421875 0.531250 0.765625 0.271942 3.000000
0.421875 0.531250 0.234375 0.186309 2.000000
0.421875 0.531250 0.015625 0.236538 3.000000
0.531250 0.531250 0.218750 0.184960 2.000000
0.531250 0.531250 0.000000 0.234546 3.000000
0.468750 0.453125 0.000000 0.000000 0.000000
0.328125 0.031250 0.140625 0.049902 1.000000
0.687500 1.062500 0.921875 0.000956 0.000000
0.390625 1.171880 0.546875 0.035819 1.000000
0.265625 1.093750 0.578125 0.001087 0.000000
0.328125 1.093750 0.890625 0.032414 1.000000
0.343750 1.109380 0.890625 0.003726 0.000000
0.328125 1.031250 0.781250 0.008556 0.000000
0.296875 1.031250 0.765625 0.034435 1.000000
0.406250 0.859375 0.234375 0.010232 0.000000
0.390625 0.859375 0.203125 0.070536 1.000000
0.609375 0.984375 0.703125 0.017313 0.000000
0.625000 1.000000 0.718750 0.042216 1.000000
0.546875 0.859375 0.250000 0.022718 0.000000
0.578125 0.859375 0.234375 0.063717 1.000000
0.375000 1.031250 0.906250 0.047509 0.000000
0.359375 1.046880 0.921875 0.069100 1.000000
