0.468750 1.093750 0.671875 0.601233 2.000000
0.468750 1.140620 0.718750 0.636385 3.000000
0.468750 1.078120 0.625000 0.632473 3.000000
0.453125 1.109380 0.843750 0.553241 2.000000
0.484375 1.093750 0.812500 0.627737 3.000000
0.484375 1.046880 0.906250 0.610263 3.000000
0.484375 0.859375 0.218750 0.393918 2.000000
0.468750 1.000000 0.000000 0.511544 3.000000
0.484375 0.875000 0.921875 0.457383 2.000000
0.484375 0.843750 0.921875 0.480685 3.000000
0.484375 0.578125 0.718750 0.190077 2.000000
0.531250 0.531250 0.750000 0.272516 3.000000
0.468750 0.578125 0.734375 0.189854 2.000000
0.421875 0.531250 0.750000 0.272250 3.000000
0.421875 0.531250 0.265625 0.186242 2.000000
0.421875 0.531250 0.000000 0.233885 3.000000
0.531250 0.531250 0.265625 0.188126 2.000000
0.531250 0.531250 0.000000 0.233096 3.000000
0.468750 0.453125 0.000000 0.000000 0.000000
0.375000 0.015625 0.328125 0.049900 1.000000
0.718750 1.031250 0.718750 0.000417 0.000000
0.640625 1.046880 0.781250 0.038792 1.000000
0.234375 1.031250 0.734375 0.001751 0.000000
0.484375 1.171880 0.218750 0.042470 1.000000
0.546875 0.843750 0.250000 0.012000 0.000000
0.562500 0.859375 0.187500 0.068449 1.000000
0.593750 1.093750 0.609375 0.012835 0.000000
0.609375 1.015620 0.687500 0.044672 1.000000
0.593750 1.109380 0.843750 0.015309 0.000000
0.578125 1.046880 0.578125 0.017643 0.000000
0.593750 1.062500 0.531250 0.052633 1.000000
0.406250 0.843750 0.234375 0.022509 0.000000
0.390625 0.859375 0.250000 0.060193 1.000000
0.593750 1.031250 0.859375 0.024391 0.000000
0.609375 1.046880 0.906250 0.048427 1.000000
0.593750 1.062500 0.921875 0.032423 0.000000
0.593750 1.078120 0.953125 0.057635 1.000000
0.500000 1.000000 0.750000 0.537884 2.000000
