0.468750 1.171880 0.796875 0.622103 2.000000
0.468750 1.203120 0.812500 0.667043 3.000000
0.468750 1.156250 0.765625 0.650660 3.000000
0.484375 1.140620 0.656250 0.538757 2.000000
0.468750 1.078120 0.546875 0.606598 3.000000
0.500000 1.171880 0.703125 0.556304 2.000000
0.484375 1.171880 0.671875 0.604203 3.000000
0.468750 0.984375 0.796875 0.528820 2.000000
0.468750 0.937500 0.796875 0.566591 3.000000
0.500000 1.187500 0.906250 0.536830 2.000000
0.515625 1.156250 0.921875 0.561658 3.000000
0.468750 0.953125 0.046875 0.435694 2.000000
0.453125 1.031250 0.000000 0.542585 3.000000
0.468750 0.984375 0.890625 0.485557 2.000000
0.484375 0.953125 0.890625 0.532097 3.000000
0.500000 1.046880 0.953125 0.487519 2.000000
0.468750 1.031250 0.984375 0.512189 3.000000
0.484375 0.984375 0.546875 0.480101 2.000000
0.484375 0.968750 0.546875 0.507523 3.000000
0.468750 0.906250 0.562500 0.472807 2.000000
0.468750 0.890625 0.593750 0.505633 3.000000
0.468750 0.953125 0.109375 0.442988 2.000000
0.484375 0.953125 0.078125 0.495906 3.000000
0.484375 0.890625 0.906250 0.449732 2.000000
0.484375 0.859375 0.921875 0.487564 3.000000
0.484375 0.953125 0.406250 0.435458 2.000000
0.484375 0.937500 0.390625 0.474486 3.000000
0.468750 0.921875 0.109375 0.473402 3.000000
0.421875 1.187500 0.703125 0.418991 2.000000
0.406250 1.187500 0.718750 0.441217 3.000000
0.468750 0.859375 0.953125 0.409299 2.000000
0.468750 0.828125 0.968750 0.440739 3.000000
0.468750 0.906250 0.031250 0.403971 2.000000
0.468750 0.890625 0.015625 0.428318 3.000000
0.484375 0.578125 0.750000 0.190054 2.000000
0.531250 0.531250 0.750000 0.273176 3.000000
0.468750 0.578125 0.703125 0.190499 2.000000
0.421875 0.531250 0.718750 0.273009 3.000000
0.421875 0.531250 0.218750 0.185070 2.000000
0.421875 0.531250 0.000000 0.233949 3.000000
0.531250 0.531250 0.296875 0.188579 2.000000
0.531250 0.531250 0.000000 0.233556 3.000000
0.468750 0.453125 0.000000 0.000000 0.000000
0.312500 0.078125 0.171875 0.049917 1.000000
0.234375 1.078120 0.656250 0.000672 0.000000
0.546875 1.156250 0.984375 0.026301 1.000000
0.687500 1.093750 0.921875 0.001905 0.000000
0.578125 1.187500 0.593750 0.010872 0.000000
0.593750 1.171880 0.578125 0.037280 1.000000
0.593750 1.109380 0.921875 0.016364 0.000000
0.609375 1.109380 0.937500 0.041715 1.000000
0.359375 1.109380 0.609375 0.016665 0.000000
0.359375 1.093750 0.609375 0.038638 1.000000
0.593750 1.062500 0.562500 0.020895 0.000000
0.609375 1.078120 0.562500 0.059116 1.000000
0.578125 1.125000 0.937500 0.021265 0.000000
0.593750 1.125000 0.937500 0.049531 1.000000
0.406250 1.187500 0.906250 0.023799 0.000000
0.421875 1.187500 0.921875 0.049096 1.000000
0.406250 0.875000 0.234375 0.025518 0.000000
0.375000 0.875000 0.250000 0.065496 1.000000
0.390625 1.171880 0.890625 0.029454 0.000000
0.375000 1.171880 0.890625 0.055009 1.000000
0.546875 0.875000 0.234375 0.047949 0.000000
0.562500 0.875000 0.203125 0.072839 1.000000
0.484375 0.890625 0.218750 0.397556 2.000000
