0.484375 1.359380 0.812500 0.624714 2.000000
0.484375 1.390620 0.796875 0.673004 3.000000
0.484375 1.359380 0.703125 0.639043 2.000000
0.468750 1.359380 0.750000 0.666609 3.000000
0.484375 1.421880 0.687500 0.664492 3.000000
0.453125 1.296880 0.843750 0.654587 3.000000
0.484375 1.265620 0.687500 0.587718 2.000000
0.484375 1.140620 0.703125 0.648298 3.000000
0.484375 1.296880 0.625000 0.602066 2.000000
0.500000 1.328120 0.625000 0.638613 3.000000
0.453125 1.250000 0.625000 0.631610 3.000000
0.437500 1.171880 0.578125 0.526114 2.000000
0.468750 1.109380 0.578125 0.566145 3.000000
0.515625 1.125000 0.484375 0.436829 2.000000
0.484375 1.109380 0.453125 0.546653 3.000000
0.468750 1.062500 0.812500 0.508806 2.000000
0.484375 1.031250 0.812500 0.545941 3.000000
0.484375 0.968750 0.812500 0.506018 2.000000
0.484375 0.906250 0.812500 0.541832 3.000000
0.484375 0.937500 0.671875 0.501556 2.000000
0.484375 0.906250 0.640625 0.536610 3.000000
0.468750 1.171880 0.953125 0.494080 2.000000
0.484375 1.171880 0.953125 0.515863 3.000000
0.468750 1.031250 0.062500 0.421679 2.000000
0.468750 1.078120 0.046875 0.510487 3.000000
0.468750 0.859375 0.953125 0.452686 2.000000
0.484375 0.968750 0.968750 0.508778 3.000000
0.484375 0.921875 0.906250 0.477503 2.000000
0.484375 0.906250 0.921875 0.505455 3.000000
0.484375 1.046880 0.406250 0.410998 2.000000
0.468750 1.015620 0.375000 0.504042 3.000000
0.484375 1.031250 0.578125 0.471625 2.000000
0.484375 0.968750 0.578125 0.499044 3.000000
0.468750 0.843750 0.625000 0.471232 2.000000
0.484375 0.859375 0.609375 0.498411 3.000000
0.484375 0.906250 0.515625 0.437030 2.000000
0.484375 0.890625 0.500000 0.476931 3.000000
0.468750 0.968750 0.093750 0.458204 3.000000
0.468750 0.953125 0.453125 0.412671 2.000000
0.468750 0.921875 0.453125 0.450665 3.000000
0.484375 0.968750 0.453125 0.449638 3.000000
0.484375 0.968750 0.203125 0.405860 2.000000
0.484375 0.953125 0.218750 0.439818 3.000000
0.468750 0.906250 0.000000 0.406714 2.000000
0.468750 0.875000 0.000000 0.437888 3.000000
0.468750 0.953125 0.187500 0.435635 3.000000
0.468750 0.968750 0.015625 0.409609 2.000000
0.453125 0.937500 0.000000 0.431256 3.000000
0.437500 1.078120 0.984375 0.261558 2.000000
0.421875 1.109380 0.984375 0.294684 3.000000
0.531250 0.531250 0.234375 0.189594 2.000000
0.531250 0.531250 0.734375 0.272510 3.000000
0.468750 0.578125 0.796875 0.189599 2.000000
0.421875 0.531250 0.750000 0.271918 3.000000
0.531250 0.531250 0.015625 0.236470 3.000000
0.421875 0.531250 0.234375 0.187529 2.000000
0.421875 0.531250 0.000000 0.233148 3.000000
0.531250 1.937500 0.312500 0.049881 2.000000
0.484375 1.406250 0.000000 0.082464 3.000000
0.468750 0.453125 0.000000 0.000000 0.000000
0.531250 0.125000 0.406250 0.049915 1.000000
0.281250 1.218750 0.921875 0.000590 0.000000
0.531250 1.328120 0.984375 0.036580 1.000000
0.312500 1.125000 0.718750 0.005761 0.000000
0.328125 1.156250 0.671875 0.037832 1.000000
0.500000 1.328120 0.968750 0.014999 0.000000
0.468750 1.328120 0.531250 0.016100 0.000000
0.453125 1.328120 0.531250 0.060315 1.000000
0.562500 0.937500 0.234375 0.029357 0.000000
0.593750 0.937500 0.281250 0.079767 1.000000
0.390625 0.937500 0.250000 0.037738 0.000000
0.359375 0.953125 0.234375 0.073354 1.000000
0.578125 1.187500 0.812500 0.103317 0.000000
0.593750 1.203120 0.828125 0.175348 1.000000
0.421875 1.093750 0.453125 0.128303 0.000000
0.406250 1.093750 0.468750 0.152210 1.000000
0.437500 1.171880 0.953125 0.154277 0.000000
0.421875 1.171880 0.937500 0.175930 1.000000
0.453125 1.187500 0.968750 0.196291 0.000000
0.453125 1.171880 0.968750 0.223906 1.000000
0.453125 1.296880 0.796875 0.365287 0.000000
0.437500 1.296880 0.781250 0.394674 1.000000
0.468750 1.359380 0.765625 0.621252 2.000000
0.500000 1.343750 0.656250 0.570382 2.000000
0.500000 0.984375 0.453125 0.411259 2.000000
0.468750 0.968750 0.156250 0.404671 2.000000
0.484375 0.578125 0.781250 0.189570 2.000000
0.468750 0.968750 0.250000 0.404615 2.000000
