0.484375 1.234380 0.593750 0.550708 2.000000
0.468750 1.265620 0.703125 0.688526 3.000000
0.484375 1.203120 0.781250 0.560583 2.000000
0.484375 1.343750 0.781250 0.645478 3.000000
0.453125 1.250000 0.828125 0.535235 2.000000
0.468750 1.265620 0.875000 0.618792 3.000000
0.484375 1.156250 0.578125 0.552898 2.000000
0.500000 1.250000 0.546875 0.600913 3.000000
0.468750 1.078120 0.796875 0.599924 3.000000
0.531250 1.250000 0.750000 0.549611 2.000000
0.515625 1.328120 0.734375 0.590571 3.000000
0.500000 1.156250 0.531250 0.511556 2.000000
0.468750 1.125000 0.500000 0.581535 3.000000
0.484375 1.109380 0.593750 0.574571 3.000000
0.468750 0.859375 0.796875 0.512518 2.000000
0.468750 1.031250 0.875000 0.561006 3.000000
0.468750 1.015620 0.078125 0.452856 2.000000
0.468750 1.062500 0.031250 0.557218 3.000000
0.484375 0.953125 0.781250 0.522189 2.000000
0.484375 0.921875 0.781250 0.545056 3.000000
0.484375 1.062500 0.890625 0.502870 2.000000
0.484375 1.031250 0.906250 0.535448 3.000000
0.453125 1.062500 0.828125 0.490033 2.000000
0.453125 1.046880 0.828125 0.516482 3.000000
0.484375 1.093750 0.953125 0.460352 2.000000
0.484375 1.062500 0.953125 0.484374 3.000000
0.484375 1.000000 0.093750 0.479323 3.000000
0.468750 0.937500 0.000000 0.411434 2.000000
0.468750 0.890625 0.000000 0.451977 3.000000
0.468750 0.578125 0.734375 0.189291 2.000000
0.421875 0.531250 0.750000 0.272786 3.000000
0.531250 0.531250 0.218750 0.190221 2.000000
0.531250 0.531250 0.750000 0.272130 3.000000
0.359375 1.250000 0.890625 0.243915 2.000000
0.359375 1.218750 0.890625 0.267322 3.000000
0.421875 0.531250 0.234375 0.185110 2.000000
0.421875 0.531250 0.000000 0.235038 3.000000
0.531250 0.531250 0.000000 0.233501 3.000000
0.468750 0.453125 0.000000 0.000000 0.000000
0.265625 0.062500 0.078125 0.049898 1.000000
0.750000 1.156250 0.796875 0.000239 0.000000
0.343750 0.906250 0.984375 0.037326 1.000000
0.609375 1.234380 0.859375 0.009200 0.000000
0.609375 1.187500 0.859375 0.040776 1.000000
0.593750 1.171880 0.875000 0.009749 0.000000
0.609375 1.187500 0.890625 0.039659 1.000000
0.421875 0.890625 0.968750 0.012286 0.000000
0.328125 1.062500 0.781250 0.018061 0.000000
0.328125 1.078120 0.781250 0.040510 1.000000
0.562500 0.921875 0.250000 0.030784 0.000000
0.593750 0.937500 0.187500 0.073834 1.000000
0.390625 0.937500 0.265625 0.033060 0.000000
0.359375 0.937500 0.265625 0.067406 1.000000
0.531250 1.265620 0.968750 0.033809 0.000000
0.500000 1.265620 0.984375 0.057346 1.000000
0.484375 0.578125 0.718750 0.189242 2.000000
0.484375 1.031250 0.765625 0.543060 2.000000
0.484375 0.937500 0.265625 0.394924 2.000000
