0.500000 1.046880 0.765625 0.559749 2.000000
0.484375 1.093750 0.671875 0.633470 3.000000
0.468750 1.093750 0.843750 0.576038 2.000000
0.468750 1.046880 0.812500 0.619521 3.000000
0.468750 1.046880 0.859375 0.613437 3.000000
0.484375 1.046880 0.937500 0.549342 2.000000
0.484375 1.015620 0.953125 0.581104 3.000000
0.484375 0.968750 0.015625 0.473342 2.000000
0.468750 1.000000 0.000000 0.534931 3.000000
0.484375 0.968750 0.453125 0.486467 2.000000
0.468750 0.968750 0.453125 0.517177 3.000000
0.468750 0.875000 0.812500 0.486222 2.000000
0.468750 0.843750 0.828125 0.508182 3.000000
0.484375 0.968750 0.031250 0.496493 3.000000
0.468750 0.812500 0.531250 0.418640 2.000000
0.484375 0.828125 0.515625 0.454502 3.000000
0.468750 0.906250 0.093750 0.429781 2.000000
0.468750 0.890625 0.109375 0.454364 3.000000
0.484375 0.906250 0.015625 0.391766 2.000000
0.484375 0.859375 0.000000 0.425605 3.000000
0.484375 0.578125 0.750000 0.189065 2.000000
0.531250 0.531250 0.750000 0.273770 3.000000
0.468750 0.578125 0.765625 0.190696 2.000000
0.421875 0.531250 0.765625 0.272095 3.000000
0.421875 0.531250 0.234375 0.185811 2.000000
0.421875 0.531250 0.015625 0.236562 3.000000
0.531250 0.531250 0.218750 0.185065 2.000000
0.531250 0.531250 0.000000 0.234452 3.000000
0.468750 0.453125 0.000000 0.000000 0.000000
0.703125 0.109375 0.125000 0.049901 1.000000
0.718750 1.015620 0.734375 0.000964 0.000000
0.656250 1.015620 0.734375 0.034127 1.000000
0.234375 1.031250 0.750000 0.001520 0.000000
0.343750 1.093750 0.625000 0.038094 1.000000
0.593750 1.062500 0.828125 0.007191 0.000000
0.359375 1.109380 0.625000 0.010696 0.000000
0.609375 0.984375 0.703125 0.016479 0.000000
0.609375 0.984375 0.718750 0.039287 1.000000
0.578125 1.093750 0.937500 0.018949 0.000000
0.593750 1.093750 0.937500 0.044009 1.000000
0.546875 0.843750 0.250000 0.020231 0.000000
0.562500 0.843750 0.234375 0.062296 1.000000
0.406250 0.843750 0.234375 0.024418 0.000000
0.390625 0.859375 0.203125 0.070006 1.000000
0.484375 1.171880 0.265625 0.042436 1.000000
0.484375 0.859375 0.250000 0.387861 2.000000
