0.484375 1.296880 0.750000 0.625426 2.000000
0.484375 1.359380 0.750000 0.664039 3.000000
0.468750 1.343750 0.625000 0.591975 2.000000
0.484375 1.359380 0.687500 0.658756 3.000000
0.437500 1.328120 0.765625 0.658705 3.000000
0.468750 1.359380 0.593750 0.627979 3.000000
0.484375 1.125000 0.734375 0.579655 2.000000
0.484375 1.093750 0.734375 0.607540 3.000000
0.468750 1.281250 0.875000 0.556777 2.000000
0.484375 1.203120 0.937500 0.604395 3.000000
0.500000 1.250000 0.562500 0.527970 2.000000
0.484375 1.171880 0.515625 0.602125 3.000000
0.484375 1.343750 0.578125 0.569213 2.000000
0.484375 1.359380 0.578125 0.591312 3.000000
0.484375 1.359380 0.906250 0.550760 2.000000
0.500000 1.343750 0.921875 0.589266 3.000000
0.484375 1.187500 0.828125 0.533822 2.000000
0.484375 1.109380 0.843750 0.571561 3.000000
0.468750 0.921875 0.859375 0.509505 2.000000
0.484375 1.109380 0.890625 0.567177 3.000000
0.484375 1.015620 0.765625 0.533191 2.000000
0.484375 0.953125 0.765625 0.564330 3.000000
0.453125 1.156250 0.796875 0.534834 2.000000
0.453125 1.125000 0.796875 0.557704 3.000000
0.484375 1.015620 0.843750 0.524195 2.000000
0.484375 0.953125 0.843750 0.555409 3.000000
0.484375 1.046880 0.093750 0.427449 2.000000
0.500000 1.140620 0.015625 0.545980 3.000000
0.468750 1.078120 0.640625 0.510794 2.000000
0.468750 1.062500 0.625000 0.543017 3.000000
0.406250 1.328120 0.750000 0.487425 2.000000
0.390625 1.343750 0.750000 0.523696 3.000000
0.515625 1.468750 0.796875 0.482320 2.000000
0.515625 1.484380 0.812500 0.506982 3.000000
0.468750 0.968750 0.921875 0.480398 2.000000
0.468750 0.937500 0.937500 0.506691 3.000000
0.484375 1.046880 0.406250 0.471458 2.000000
0.468750 1.031250 0.375000 0.493553 3.000000
0.468750 0.843750 0.953125 0.446393 2.000000
0.468750 0.906250 0.984375 0.479231 3.000000
0.546875 1.468750 0.734375 0.428755 2.000000
0.515625 1.500000 0.734375 0.472609 3.000000
0.484375 1.031250 0.109375 0.461566 3.000000
0.468750 0.968750 0.031250 0.412119 2.000000
0.468750 0.906250 0.000000 0.460470 3.000000
0.468750 0.937500 0.031250 0.411529 2.000000
0.468750 0.906250 0.046875 0.436191 3.000000
0.468750 0.578125 0.765625 0.189855 2.000000
0.421875 0.531250 0.750000 0.271792 3.000000
0.484375 0.578125 0.750000 0.189519 2.000000
0.531250 0.531250 0.734375 0.271418 3.000000
0.531250 0.531250 0.203125 0.185620 2.000000
0.531250 0.531250 0.015625 0.236667 3.000000
0.421875 0.531250 0.234375 0.186037 2.000000
0.421875 0.531250 0.000000 0.232670 3.000000
0.531250 1.328120 0.000000 0.052737 2.000000
0.531250 1.406250 0.000000 0.075516 3.000000
0.468750 0.453125 0.000000 0.000000 0.000000
0.390625 0.062500 0.046875 0.049902 1.000000
0.765625 1.203120 0.734375 0.000727 0.000000
0.671875 1.171880 0.781250 0.036154 1.000000
0.593750 1.140620 0.828125 0.005440 0.000000
0.609375 1.203120 0.843750 0.038291 1.000000
0.656250 1.171880 0.750000 0.010703 0.000000
0.312500 1.109380 0.750000 0.015598 0.000000
0.296875 1.125000 0.734375 0.037364 1.000000
0.515625 1.015620 0.937500 0.019235 0.000000
0.578125 1.000000 0.953125 0.051720 1.000000
0.390625 0.953125 0.250000 0.044010 0.000000
0.359375 0.968750 0.234375 0.084339 1.000000
0.578125 0.968750 0.265625 0.055772 0.000000
0.593750 0.968750 0.265625 0.080839 1.000000
0.390625 1.359380 0.671875 0.091044 0.000000
0.390625 1.375000 0.671875 0.114338 1.000000
0.531250 1.328120 0.625000 0.219288 0.000000
0.531250 1.281250 0.625000 0.270829 1.000000
0.437500 1.250000 0.890625 0.256349 0.000000
0.421875 1.281250 0.859375 0.278124 1.000000
0.500000 1.296880 0.875000 0.280631 0.000000
0.515625 1.328120 0.875000 0.315040 1.000000
0.500000 1.359380 0.703125 0.577869 2.000000
0.484375 0.984375 0.187500 0.410142 2.000000
