0.468750 1.156250 0.781250 0.591155 2.000000
0.468750 1.171880 0.703125 0.658231 3.000000
0.484375 1.125000 0.812500 0.619375 3.000000
0.484375 1.078120 0.875000 0.538369 2.000000
0.500000 1.093750 0.890625 0.576359 3.000000
0.468750 1.093750 0.593750 0.513227 2.000000
0.500000 1.093750 0.546875 0.570643 3.000000
0.468750 0.859375 0.234375 0.390242 2.000000
0.468750 1.015620 0.000000 0.537214 3.000000
0.484375 0.875000 0.578125 0.457676 2.000000
0.484375 0.843750 0.562500 0.489014 3.000000
0.468750 0.953125 0.421875 0.452956 2.000000
0.484375 0.937500 0.406250 0.476155 3.000000
0.437500 1.078120 0.515625 0.387205 2.000000
0.421875 1.078120 0.515625 0.410838 3.000000
0.531250 0.531250 0.234375 0.190476 2.000000
0.531250 0.531250 0.734375 0.272401 3.000000
0.453125 0.578125 0.687500 0.188077 2.000000
0.421875 0.531250 0.687500 0.272097 3.000000
0.421875 0.531250 0.218750 0.184657 2.000000
0.421875 0.531250 0.000000 0.233917 3.000000
0.531250 0.531250 0.000000 0.233663 3.000000
0.468750 0.453125 0.000000 0.000000 0.000000
0.578125 0.140625 0.187500 0.049902 1.000000
0.250000 1.062500 0.875000 0.001409 0.000000
0.468750 1.218750 0.250000 0.041932 1.000000
0.640625 0.875000 0.250000 0.001837 0.000000
0.609375 1.062500 0.796875 0.035165 1.000000
0.625000 1.031250 0.750000 0.008945 0.000000
0.625000 1.015620 0.734375 0.033550 1.000000
0.609375 1.031250 0.687500 0.010013 0.000000
0.359375 1.015620 0.546875 0.013841 0.000000
0.359375 1.031250 0.546875 0.046076 1.000000
0.546875 0.859375 0.234375 0.015423 0.000000
0.578125 0.859375 0.218750 0.060512 1.000000
0.406250 0.859375 0.250000 0.016606 0.000000
0.390625 0.875000 0.187500 0.067778 1.000000
0.593750 1.109380 0.593750 0.017414 0.000000
0.593750 1.093750 0.593750 0.040476 1.000000
0.375000 1.046880 0.921875 0.032949 0.000000
0.343750 1.046880 0.921875 0.057466 1.000000
0.484375 0.578125 0.718750 0.187954 2.000000
