0.484375 1.125000 0.765625 0.591380 2.000000
0.500000 1.312500 0.734375 0.697128 3.000000
0.468750 1.265620 0.640625 0.602883 2.000000
0.484375 1.187500 0.640625 0.646771 3.000000
0.468750 1.171880 0.843750 0.568132 2.000000
0.468750 1.234380 0.875000 0.642088 3.000000
0.468750 1.312500 0.640625 0.626565 3.000000
0.468750 1.171880 0.828125 0.621686 3.000000
0.484375 1.062500 0.765625 0.613073 3.000000
0.500000 1.421880 0.703125 0.565630 2.000000
0.484375 1.453120 0.687500 0.600345 3.000000
0.453125 1.312500 0.718750 0.566482 2.000000
0.437500 1.296880 0.734375 0.594447 3.000000
0.468750 1.062500 0.468750 0.474659 2.000000
0.453125 1.156250 0.531250 0.550465 3.000000
0.484375 0.937500 0.812500 0.517451 2.000000
0.484375 0.890625 0.812500 0.541869 3.000000
0.484375 1.078120 0.031250 0.431962 2.000000
0.468750 1.062500 0.046875 0.534023 3.000000
0.484375 1.187500 0.953125 0.474671 2.000000
0.484375 1.156250 0.984375 0.526445 3.000000
0.500000 1.140620 0.000000 0.524351 3.000000
0.484375 0.875000 0.640625 0.491374 2.000000
0.468750 0.906250 0.609375 0.523416 3.000000
0.468750 0.906250 0.843750 0.487586 2.000000
0.468750 0.890625 0.859375 0.520554 3.000000
0.515625 1.437500 0.765625 0.479185 2.000000
0.500000 1.453120 0.765625 0.513857 3.000000
0.484375 1.062500 0.421875 0.513079 3.000000
0.500000 1.062500 0.562500 0.472063 2.000000
0.515625 1.078120 0.578125 0.497860 3.000000
0.453125 0.984375 0.531250 0.467300 2.000000
0.468750 0.953125 0.531250 0.490273 3.000000
0.515625 1.218750 0.578125 0.456322 2.000000
0.515625 1.203120 0.562500 0.486019 3.000000
0.468750 0.921875 0.953125 0.439908 2.000000
0.484375 0.953125 0.984375 0.482805 3.000000
0.484375 1.015620 0.937500 0.441115 2.000000
0.468750 1.031250 0.937500 0.479433 3.000000
0.468750 1.015620 0.078125 0.428411 2.000000
0.484375 1.015620 0.109375 0.476501 3.000000
0.468750 1.015620 0.390625 0.454766 2.000000
0.468750 1.000000 0.375000 0.476314 3.000000
0.484375 1.031250 0.953125 0.415057 2.000000
0.500000 1.031250 0.968750 0.440147 3.000000
0.421875 0.531250 0.187500 0.189897 2.000000
0.421875 0.531250 0.734375 0.272343 3.000000
0.484375 0.578125 0.750000 0.189517 2.000000
0.531250 0.531250 0.750000 0.271960 3.000000
0.421875 0.531250 0.000000 0.240500 3.000000
0.531250 0.531250 0.234375 0.189245 2.000000
0.531250 0.531250 0.000000 0.233075 3.000000
0.484375 1.937500 0.265625 0.049997 2.000000
0.468750 1.343750 0.000000 0.091791 3.000000
0.468750 0.453125 0.000000 0.000000 0.000000
0.218750 0.046875 0.015625 0.049892 1.000000
0.203125 1.156250 0.750000 0.000657 0.000000
0.656250 1.218750 0.843750 0.034931 1.000000
0.328125 1.109380 0.781250 0.009191 0.000000
0.328125 1.140620 0.812500 0.040375 1.000000
0.609375 1.218750 0.859375 0.009631 0.000000
0.343750 1.234380 0.812500 0.013970 0.000000
0.296875 1.218750 0.828125 0.037868 1.000000
0.343750 1.140620 0.562500 0.016765 0.000000
0.328125 1.156250 0.515625 0.044984 1.000000
0.468750 1.296880 0.984375 0.025530 0.000000
0.437500 1.296880 0.984375 0.052033 1.000000
0.562500 0.937500 0.234375 0.032318 0.000000
0.593750 0.937500 0.250000 0.074118 1.000000
0.390625 0.953125 0.234375 0.033758 0.000000
0.375000 0.953125 0.218750 0.086391 1.000000
0.468750 1.468750 0.734375 0.080800 0.000000
0.406250 1.421880 0.734375 0.104362 1.000000
0.406250 1.218750 0.859375 0.180391 0.000000
0.390625 1.203120 0.875000 0.208197 1.000000
0.437500 1.140620 0.000000 0.203508 0.000000
0.421875 1.171880 0.000000 0.250111 1.000000
0.468750 1.375000 0.687500 0.553197 2.000000
0.500000 1.296880 0.781250 0.535739 2.000000
0.468750 0.578125 0.734375 0.189441 2.000000
0.468750 0.953125 0.218750 0.408653 2.000000
0.500000 1.062500 0.625000 0.471206 2.000000
