0.468750 1.234380 0.796875 0.645942 2.000000
0.468750 1.281250 0.812500 0.692359 3.000000
0.484375 1.265620 0.765625 0.676731 3.000000
0.500000 1.218750 0.687500 0.590519 2.000000
0.515625 1.265620 0.671875 0.624920 3.000000
0.531250 1.218750 0.937500 0.527358 2.000000
0.500000 1.171880 0.953125 0.593925 3.000000
0.484375 1.015620 0.718750 0.560552 2.000000
0.484375 1.000000 0.734375 0.589334 3.000000
0.484375 1.234380 0.625000 0.521153 2.000000
0.500000 1.187500 0.531250 0.580631 3.000000
0.468750 1.421880 0.703125 0.547241 2.000000
0.453125 1.437500 0.687500 0.578672 3.000000
0.484375 1.125000 0.671875 0.545595 2.000000
0.468750 1.093750 0.656250 0.570930 3.000000
0.484375 1.062500 0.046875 0.479677 2.000000
0.500000 1.140620 0.000000 0.561456 3.000000
0.468750 1.312500 0.906250 0.530932 2.000000
0.468750 1.296880 0.906250 0.559392 3.000000
0.468750 0.890625 0.593750 0.494396 2.000000
0.484375 0.953125 0.625000 0.543139 3.000000
0.468750 1.046880 0.078125 0.527754 3.000000
0.468750 0.921875 0.578125 0.524704 3.000000
0.468750 0.890625 0.890625 0.479685 2.000000
0.484375 0.953125 0.906250 0.503682 3.000000
0.468750 1.046880 0.953125 0.462959 2.000000
0.468750 1.000000 0.953125 0.494285 3.000000
0.468750 0.953125 0.578125 0.447364 2.000000
0.453125 0.968750 0.578125 0.476921 3.000000
0.484375 1.015620 0.375000 0.434144 2.000000
0.484375 1.000000 0.359375 0.468939 3.000000
0.468750 0.859375 0.046875 0.416097 2.000000
0.468750 1.000000 0.000000 0.466220 3.000000
0.484375 0.875000 0.515625 0.430209 2.000000
0.484375 0.968750 0.500000 0.457279 3.000000
0.468750 0.953125 0.984375 0.415187 2.000000
0.468750 0.906250 0.984375 0.441026 3.000000
0.484375 0.937500 0.484375 0.395149 2.000000
0.500000 0.968750 0.468750 0.432279 3.000000
0.484375 0.921875 0.406250 0.391493 2.000000
0.468750 0.906250 0.437500 0.431104 3.000000
0.468750 0.953125 0.328125 0.403127 2.000000
0.484375 0.968750 0.312500 0.429429 3.000000
0.484375 0.968750 0.234375 0.407391 2.000000
0.468750 0.953125 0.250000 0.429172 3.000000
0.484375 0.578125 0.781250 0.190169 2.000000
0.531250 0.531250 0.718750 0.272570 3.000000
0.468750 0.578125 0.734375 0.190131 2.000000
0.421875 0.531250 0.734375 0.272414 3.000000
0.531250 0.531250 0.250000 0.189117 2.000000
0.531250 0.531250 0.000000 0.232061 3.000000
0.421875 0.531250 0.203125 0.187002 2.000000
0.421875 0.531250 0.000000 0.231981 3.000000
0.468750 0.453125 0.000000 0.000000 0.000000
0.281250 0.000000 0.156250 0.049904 1.000000
0.234375 1.187500 0.562500 0.000710 0.000000
0.343750 1.328120 0.609375 0.034656 1.000000
0.625000 1.187500 0.906250 0.009555 0.000000
0.640625 1.187500 0.921875 0.035661 1.000000
0.390625 1.343750 0.562500 0.009565 0.000000
0.578125 1.140620 0.843750 0.034535 0.000000
0.578125 1.156250 0.859375 0.058433 1.000000
0.562500 0.937500 0.250000 0.034579 0.000000
0.593750 0.953125 0.234375 0.070792 1.000000
0.562500 1.234380 0.500000 0.034679 0.000000
0.578125 1.234380 0.500000 0.057948 1.000000
0.390625 0.937500 0.234375 0.039235 0.000000
0.359375 0.953125 0.265625 0.077874 1.000000
0.437500 1.140620 0.000000 0.193180 0.000000
0.421875 1.171880 0.000000 0.231962 1.000000
0.406250 1.218750 0.796875 0.247171 0.000000
0.406250 1.171880 0.796875 0.270463 1.000000
0.484375 1.000000 0.640625 0.490151 2.000000
0.484375 0.953125 0.281250 0.401879 2.000000
