0.484375 1.187500 0.703125 0.580780 2.000000
0.484375 1.296880 0.718750 0.663475 3.000000
0.468750 1.140620 0.828125 0.607532 2.000000
0.453125 1.218750 0.890625 0.661042 3.000000
0.468750 1.125000 0.812500 0.643133 3.000000
0.500000 1.156250 0.687500 0.579462 2.000000
0.500000 1.187500 0.640625 0.623429 3.000000
0.500000 1.203120 0.687500 0.617226 3.000000
0.468750 1.171880 0.609375 0.561440 2.000000
0.484375 1.125000 0.562500 0.602226 3.000000
0.484375 1.156250 0.921875 0.539836 2.000000
0.500000 1.125000 0.953125 0.589831 3.000000
0.484375 1.093750 0.671875 0.548919 2.000000
0.484375 1.046880 0.671875 0.583534 3.000000
0.468750 1.031250 0.656250 0.533835 2.000000
0.468750 1.000000 0.640625 0.560434 3.000000
0.468750 0.906250 0.031250 0.421174 2.000000
0.484375 1.062500 0.015625 0.524653 3.000000
0.468750 0.859375 0.890625 0.465065 2.000000
0.484375 0.906250 0.906250 0.504751 3.000000
0.468750 0.890625 0.953125 0.449203 2.000000
0.468750 0.937500 0.953125 0.476960 3.000000
0.484375 0.968750 0.390625 0.436200 2.000000
0.484375 0.953125 0.375000 0.465225 3.000000
0.468750 0.921875 0.000000 0.459748 3.000000
0.484375 0.578125 0.781250 0.189533 2.000000
0.531250 0.531250 0.718750 0.272418 3.000000
0.468750 0.578125 0.734375 0.189802 2.000000
0.421875 0.531250 0.734375 0.272281 3.000000
0.531250 0.531250 0.250000 0.189493 2.000000
0.531250 0.531250 0.000000 0.232354 3.000000
0.421875 0.531250 0.203125 0.189192 2.000000
0.421875 0.531250 0.031250 0.231990 3.000000
0.468750 0.453125 0.000000 0.000000 0.000000
0.546875 0.000000 0.156250 0.049910 1.000000
0.703125 1.125000 0.937500 0.000597 0.000000
0.531250 1.203120 0.015625 0.023317 1.000000
0.234375 1.125000 0.593750 0.000707 0.000000
0.640625 1.062500 0.765625 0.004386 0.000000
0.640625 1.093750 0.765625 0.031186 1.000000
0.359375 1.140620 0.843750 0.009379 0.000000
0.328125 1.187500 0.828125 0.032366 1.000000
0.453125 1.281250 0.562500 0.010147 0.000000
0.546875 1.250000 0.546875 0.057674 1.000000
0.328125 1.031250 0.734375 0.011014 0.000000
0.312500 1.078120 0.703125 0.042743 1.000000
0.312500 1.125000 0.578125 0.011998 0.000000
0.296875 1.109380 0.562500 0.033853 1.000000
0.593750 1.093750 0.578125 0.017362 0.000000
0.609375 1.109380 0.593750 0.049413 1.000000
0.562500 0.906250 0.234375 0.024219 0.000000
0.578125 0.906250 0.234375 0.064066 1.000000
0.500000 1.203120 0.578125 0.162503 0.000000
0.484375 1.234380 0.562500 0.186250 1.000000
0.453125 1.156250 0.546875 0.334481 0.000000
0.437500 1.156250 0.562500 0.376468 1.000000
0.468750 1.156250 0.781250 0.577979 2.000000
0.484375 0.906250 0.203125 0.398127 2.000000
