0.484375 1.171880 0.750000 0.616925 2.000000
0.484375 1.203120 0.765625 0.672173 3.000000
0.468750 1.109380 0.640625 0.607979 2.000000
0.468750 1.203120 0.687500 0.645914 3.000000
0.468750 1.156250 0.625000 0.645617 3.000000
0.468750 1.187500 0.843750 0.610304 2.000000
0.484375 1.156250 0.828125 0.642969 3.000000
0.468750 1.218750 0.828125 0.642657 3.000000
0.500000 1.218750 0.734375 0.639813 3.000000
0.468750 1.218750 0.593750 0.589741 2.000000
0.468750 1.125000 0.578125 0.624204 3.000000
0.484375 1.328120 0.734375 0.512897 2.000000
0.468750 1.359380 0.734375 0.556791 3.000000
0.484375 0.953125 0.781250 0.523567 2.000000
0.468750 0.937500 0.796875 0.553259 3.000000
0.484375 0.890625 0.218750 0.402677 2.000000
0.484375 1.046880 0.000000 0.541304 3.000000
0.468750 0.578125 0.734375 0.188746 2.000000
0.421875 0.531250 0.750000 0.273958 3.000000
0.484375 0.578125 0.750000 0.189919 2.000000
0.531250 0.531250 0.750000 0.271608 3.000000
0.531250 0.531250 0.203125 0.184903 2.000000
0.531250 0.531250 0.015625 0.236340 3.000000
0.421875 0.531250 0.265625 0.188333 2.000000
0.421875 0.531250 0.000000 0.233174 3.000000
0.468750 0.453125 0.000000 0.000000 0.000000
0.343750 0.093750 0.062500 0.049907 1.000000
0.703125 1.125000 0.921875 0.001288 0.000000
0.500000 1.187500 0.000000 0.031209 1.000000
0.234375 1.078120 0.734375 0.001500 0.000000
0.609375 1.171880 0.828125 0.006917 0.000000
0.640625 1.109380 0.812500 0.031827 1.000000
0.359375 1.109380 0.640625 0.009152 0.000000
0.328125 1.125000 0.640625 0.032771 1.000000
0.593750 1.171880 0.609375 0.011132 0.000000
0.640625 1.140620 0.656250 0.036436 1.000000
0.328125 1.046880 0.734375 0.017875 0.000000
0.312500 1.062500 0.734375 0.043611 1.000000
0.500000 1.171880 0.984375 0.029918 0.000000
0.531250 1.171880 0.984375 0.060108 1.000000
0.578125 1.156250 0.843750 0.035900 0.000000
0.578125 1.171880 0.843750 0.057426 1.000000
0.562500 0.890625 0.265625 0.044298 0.000000
0.578125 0.890625 0.265625 0.073915 1.000000
0.406250 0.890625 0.234375 0.044410 0.000000
0.375000 0.890625 0.234375 0.074259 1.000000
0.453125 1.250000 0.796875 0.576193 2.000000
0.500000 1.187500 0.718750 0.581583 2.000000
