0.468750 1.156250 0.718750 0.633300 2.000000
0.484375 1.171880 0.734375 0.681464 3.000000
0.484375 1.203120 0.703125 0.678849 3.000000
0.453125 1.218750 0.765625 0.590479 2.000000
0.484375 1.203120 0.796875 0.664117 3.000000
0.468750 1.093750 0.906250 0.548692 2.000000
0.484375 1.093750 0.937500 0.583606 3.000000
0.468750 1.125000 0.593750 0.552873 2.000000
0.453125 1.109380 0.593750 0.580240 3.000000
0.468750 1.015620 0.484375 0.502497 2.000000
0.484375 1.000000 0.453125 0.534803 3.000000
0.484375 0.906250 0.609375 0.469792 2.000000
0.484375 0.921875 0.593750 0.507774 3.000000
0.468750 0.953125 0.078125 0.416026 2.000000
0.484375 1.031250 0.000000 0.502360 3.000000
0.468750 0.968750 0.406250 0.439616 2.000000
0.468750 0.937500 0.390625 0.480562 3.000000
0.468750 0.828125 0.953125 0.429808 2.000000
0.484375 0.859375 0.968750 0.469388 3.000000
0.484375 0.937500 0.093750 0.451238 3.000000
0.453125 0.921875 0.031250 0.371389 2.000000
0.453125 0.859375 0.000000 0.427663 3.000000
0.484375 0.578125 0.718750 0.189463 2.000000
0.531250 0.531250 0.765625 0.272565 3.000000
0.468750 0.578125 0.796875 0.189842 2.000000
0.421875 0.531250 0.703125 0.272312 3.000000
0.531250 0.531250 0.281250 0.187014 2.000000
0.531250 0.531250 0.015625 0.236751 3.000000
0.421875 0.531250 0.250000 0.189711 2.000000
0.421875 0.531250 0.000000 0.233482 3.000000
0.468750 0.453125 0.000000 0.000000 0.000000
0.640625 0.015625 0.281250 0.049904 1.000000
0.687500 1.109380 0.921875 0.000827 0.000000
0.390625 1.140620 0.500000 0.024378 1.000000
0.312500 0.890625 0.234375 0.000925 0.000000
0.328125 1.031250 0.734375 0.011993 0.000000
0.328125 1.062500 0.671875 0.038443 1.000000
0.484375 1.187500 0.531250 0.017459 0.000000
0.484375 1.187500 0.515625 0.045504 1.000000
0.406250 0.875000 0.250000 0.025033 0.000000
0.375000 0.875000 0.218750 0.069650 1.000000
0.375000 1.140620 0.906250 0.025085 0.000000
0.375000 1.156250 0.906250 0.046989 1.000000
0.546875 0.875000 0.234375 0.042422 0.000000
0.578125 0.875000 0.281250 0.069562 1.000000
0.468750 0.875000 0.250000 0.396371 2.000000
