0.500000 1.265620 0.703125 0.591680 2.000000
0.484375 1.203120 0.703125 0.678149 3.000000
0.484375 1.390620 0.765625 0.643000 2.000000
0.484375 1.343750 0.781250 0.677022 3.000000
0.484375 1.421880 0.750000 0.665788 3.000000
0.468750 1.343750 0.812500 0.634827 2.000000
0.468750 1.390620 0.828125 0.660766 3.000000
0.484375 1.375000 0.640625 0.575045 2.000000
0.421875 1.343750 0.625000 0.653412 3.000000
0.515625 1.406250 0.640625 0.613347 3.000000
0.453125 1.296880 0.593750 0.543625 2.000000
0.453125 1.234380 0.593750 0.598404 3.000000
0.453125 1.250000 0.843750 0.540574 2.000000
0.468750 1.171880 0.859375 0.592040 3.000000
0.484375 0.875000 0.796875 0.500003 2.000000
0.484375 0.937500 0.812500 0.551267 3.000000
0.484375 1.015620 0.843750 0.515623 2.000000
0.484375 0.937500 0.843750 0.547636 3.000000
0.484375 0.953125 0.656250 0.512376 2.000000
0.484375 0.937500 0.640625 0.546695 3.000000
0.468750 1.140620 0.828125 0.516655 2.000000
0.484375 1.093750 0.812500 0.541224 3.000000
0.500000 1.015620 0.453125 0.417718 2.000000
0.484375 1.125000 0.453125 0.532287 3.000000
0.484375 1.000000 0.828125 0.505559 2.000000
0.500000 1.000000 0.812500 0.531993 3.000000
0.468750 0.921875 0.953125 0.466614 2.000000
0.484375 1.015620 0.968750 0.525689 3.000000
0.484375 0.953125 0.906250 0.494563 2.000000
0.484375 0.937500 0.921875 0.519814 3.000000
0.500000 1.109380 0.031250 0.447574 2.000000
0.468750 1.109380 0.046875 0.513718 3.000000
0.484375 1.000000 0.265625 0.411089 2.000000
0.468750 1.046880 0.375000 0.511552 3.000000
0.484375 1.015620 0.625000 0.486981 2.000000
0.484375 1.062500 0.625000 0.509539 3.000000
0.468750 0.906250 0.562500 0.476897 2.000000
0.484375 0.921875 0.546875 0.501077 3.000000
0.484375 0.968750 0.515625 0.446109 2.000000
0.484375 0.937500 0.500000 0.500807 3.000000
0.515625 1.375000 0.875000 0.470032 2.000000
0.531250 1.375000 0.875000 0.497411 3.000000
0.468750 1.062500 0.062500 0.416865 2.000000
0.468750 1.015620 0.093750 0.490154 3.000000
0.515625 1.125000 0.031250 0.480781 3.000000
0.484375 1.000000 0.453125 0.456230 3.000000
0.484375 0.984375 0.062500 0.411283 2.000000
0.468750 0.906250 0.000000 0.452397 3.000000
0.468750 0.968750 0.468750 0.407747 2.000000
0.468750 0.953125 0.453125 0.447804 3.000000
0.484375 0.968750 0.218750 0.442049 3.000000
0.484375 0.578125 0.781250 0.189283 2.000000
0.531250 0.531250 0.734375 0.273208 3.000000
0.468750 0.578125 0.796875 0.189792 2.000000
0.421875 0.531250 0.750000 0.271788 3.000000
0.421875 1.125000 0.984375 0.234553 2.000000
0.406250 1.156250 0.984375 0.259495 3.000000
0.531250 0.531250 0.296875 0.188460 2.000000
0.531250 0.531250 0.015625 0.236232 3.000000
0.421875 0.531250 0.234375 0.185380 2.000000
0.421875 0.531250 0.000000 0.233183 3.000000
0.468750 1.953120 0.234375 0.049485 2.000000
0.500000 1.421880 0.000000 0.080457 3.000000
0.468750 0.453125 0.000000 0.000000 0.000000
0.515625 0.109375 0.031250 0.049894 1.000000
0.765625 1.234380 0.750000 0.000730 0.000000
0.281250 1.171880 0.765625 0.040987 1.000000
0.312500 1.156250 0.703125 0.011943 0.000000
0.453125 1.375000 0.531250 0.025377 0.000000
0.453125 1.375000 0.515625 0.058971 1.000000
0.484375 1.500000 0.593750 0.038042 0.000000
0.531250 1.500000 0.593750 0.062007 1.000000
0.562500 0.968750 0.265625 0.058018 0.000000
0.593750 0.968750 0.281250 0.087765 1.000000
0.421875 1.109380 0.453125 0.073969 0.000000
0.390625 1.093750 0.546875 0.116749 1.000000
0.437500 1.187500 0.953125 0.078064 0.000000
0.406250 1.203120 0.921875 0.129710 1.000000
0.578125 1.218750 0.812500 0.139035 0.000000
0.531250 1.203120 0.828125 0.209372 1.000000
0.593750 1.218750 0.687500 0.142774 0.000000
0.593750 1.234380 0.671875 0.171355 1.000000
0.453125 1.343750 0.765625 0.387264 0.000000
0.453125 1.296880 0.750000 0.416794 1.000000
0.515625 1.390620 0.687500 0.562862 2.000000
0.468750 1.203120 0.546875 0.411772 2.000000
0.500000 1.078120 0.390625 0.406173 2.000000
0.484375 1.000000 0.203125 0.405369 2.000000
