0.484375 1.109380 0.750000 0.596368 2.000000
0.484375 1.125000 0.718750 0.650764 3.000000
0.484375 1.109380 0.875000 0.571400 2.000000
0.468750 1.093750 0.906250 0.625801 3.000000
0.500000 1.125000 0.765625 0.624854 3.000000
0.468750 1.015620 0.640625 0.548457 2.000000
0.468750 1.140620 0.656250 0.603432 3.000000
0.468750 1.093750 0.609375 0.601721 3.000000
0.484375 1.109380 0.859375 0.594703 3.000000
0.468750 1.125000 0.796875 0.567459 2.000000
0.453125 1.140620 0.812500 0.589033 3.000000
0.500000 1.093750 0.562500 0.522223 2.000000
0.468750 1.031250 0.515625 0.558111 3.000000
0.468750 0.984375 0.046875 0.473012 2.000000
0.484375 1.000000 0.015625 0.533412 3.000000
0.468750 0.968750 0.046875 0.512232 3.000000
0.484375 0.953125 0.093750 0.433361 2.000000
0.484375 0.921875 0.093750 0.472942 3.000000
0.468750 0.578125 0.734375 0.190475 2.000000
0.421875 0.531250 0.734375 0.272400 3.000000
0.531250 0.531250 0.218750 0.190105 2.000000
0.531250 0.531250 0.718750 0.272381 3.000000
0.421875 0.531250 0.281250 0.187551 2.000000
0.421875 0.531250 0.000000 0.240188 3.000000
0.359375 1.093750 0.703125 0.205578 2.000000
0.343750 1.140620 0.703125 0.237855 3.000000
0.531250 0.531250 0.000000 0.233383 3.000000
0.546875 1.984380 0.312500 0.050330 2.000000
0.484375 1.218750 0.000000 0.076530 3.000000
0.468750 0.453125 0.000000 0.000000 0.000000
0.250000 0.046875 0.078125 0.049909 1.000000
0.250000 1.062500 0.609375 0.000680 0.000000
0.437500 1.140620 0.984375 0.034676 1.000000
0.718750 1.046880 0.718750 0.001084 0.000000
0.546875 1.156250 0.984375 0.035097 1.000000
0.468750 1.156250 0.984375 0.007541 0.000000
0.328125 1.015620 0.750000 0.009046 0.000000
0.312500 1.015620 0.765625 0.037833 1.000000
0.453125 1.171880 0.531250 0.012761 0.000000
0.500000 1.171880 0.515625 0.036332 1.000000
0.406250 0.859375 0.250000 0.013860 0.000000
0.390625 0.875000 0.281250 0.080824 1.000000
0.359375 1.031250 0.562500 0.014671 0.000000
0.359375 1.046880 0.531250 0.047943 1.000000
0.546875 0.859375 0.234375 0.023124 0.000000
0.578125 0.859375 0.250000 0.063005 1.000000
0.578125 1.125000 0.921875 0.025295 0.000000
0.593750 1.125000 0.937500 0.055186 1.000000
0.453125 1.046880 0.687500 0.543084 2.000000
0.468750 1.109380 0.828125 0.545658 2.000000
0.484375 0.578125 0.750000 0.188451 2.000000
0.468750 0.859375 0.218750 0.395243 2.000000
