0.500000 1.156250 0.718750 0.589591 2.000000
0.484375 1.156250 0.765625 0.664938 3.000000
0.468750 1.171880 0.593750 0.592349 2.000000
0.468750 1.125000 0.625000 0.649107 3.000000
0.453125 1.187500 0.796875 0.580200 2.000000
0.468750 1.156250 0.828125 0.646355 3.000000
0.468750 1.156250 0.687500 0.645014 3.000000
0.468750 1.109380 0.578125 0.629372 3.000000
0.484375 1.312500 0.734375 0.539724 2.000000
0.468750 1.328120 0.734375 0.572022 3.000000
0.484375 0.890625 0.718750 0.518134 2.000000
0.484375 0.906250 0.734375 0.554134 3.000000
0.484375 0.968750 0.046875 0.467318 2.000000
0.484375 1.031250 0.000000 0.547958 3.000000
0.484375 0.921875 0.781250 0.513677 2.000000
0.468750 0.921875 0.796875 0.546326 3.000000
0.484375 0.984375 0.437500 0.477015 2.000000
0.484375 0.968750 0.421875 0.508053 3.000000
0.484375 0.968750 0.062500 0.489897 3.000000
0.468750 0.578125 0.734375 0.188995 2.000000
0.421875 0.531250 0.750000 0.274350 3.000000
0.484375 0.578125 0.750000 0.189861 2.000000
0.531250 0.531250 0.750000 0.271814 3.000000
0.531250 0.531250 0.203125 0.185055 2.000000
0.531250 0.531250 0.015625 0.236310 3.000000
0.421875 0.531250 0.265625 0.187252 2.000000
0.421875 0.531250 0.000000 0.233367 3.000000
0.468750 0.453125 0.000000 0.000000 0.000000
0.343750 0.125000 0.187500 0.049901 1.000000
0.734375 1.078120 0.750000 0.000396 0.000000
0.671875 1.078120 0.750000 0.032070 1.000000
0.312500 0.890625 0.234375 0.000843 0.000000
0.515625 1.156250 0.015625 0.037315 1.000000
0.640625 1.046880 0.750000 0.005360 0.000000
0.609375 1.109380 0.656250 0.008251 0.000000
0.656250 1.093750 0.687500 0.034735 1.000000
0.406250 0.875000 0.250000 0.022617 0.000000
0.390625 0.875000 0.234375 0.067184 1.000000
0.578125 1.078120 0.578125 0.035142 0.000000
0.593750 1.093750 0.562500 0.062900 1.000000
0.546875 0.875000 0.265625 0.046737 0.000000
0.578125 0.875000 0.281250 0.070835 1.000000
0.468750 1.093750 0.656250 0.587421 2.000000
0.468750 0.890625 0.234375 0.394904 2.000000
