0.500000 1.234380 0.718750 0.573328 2.000000
0.484375 1.234380 0.765625 0.674223 3.000000
0.453125 1.250000 0.796875 0.562492 2.000000
0.484375 1.203120 0.828125 0.660076 3.000000
0.484375 1.140620 0.687500 0.612022 2.000000
0.468750 1.250000 0.703125 0.653462 3.000000
0.468750 1.171880 0.640625 0.637781 3.000000
0.468750 1.250000 0.593750 0.591410 2.000000
0.484375 1.125000 0.546875 0.618328 3.000000
0.468750 1.281250 0.781250 0.570353 2.000000
0.453125 1.265620 0.781250 0.594481 3.000000
0.484375 1.015620 0.750000 0.556130 2.000000
0.484375 0.968750 0.734375 0.581230 3.000000
0.484375 0.953125 0.781250 0.532504 2.000000
0.468750 0.968750 0.796875 0.557102 3.000000
0.500000 1.359380 0.734375 0.490223 2.000000
0.468750 1.406250 0.734375 0.548324 3.000000
0.484375 0.968750 0.078125 0.435483 2.000000
0.484375 1.078120 0.000000 0.535799 3.000000
0.484375 1.062500 0.890625 0.498139 2.000000
0.484375 1.000000 0.890625 0.527213 3.000000
0.484375 0.968750 0.390625 0.438936 2.000000
0.468750 0.968750 0.390625 0.467606 3.000000
0.484375 0.968750 0.109375 0.467263 3.000000
0.421875 0.531250 0.265625 0.189259 2.000000
0.421875 0.531250 0.750000 0.273530 3.000000
0.484375 0.578125 0.750000 0.189911 2.000000
0.531250 0.531250 0.750000 0.271407 3.000000
0.531250 0.531250 0.203125 0.184843 2.000000
0.531250 0.531250 0.015625 0.236391 3.000000
0.421875 0.531250 0.000000 0.233026 3.000000
0.468750 0.453125 0.000000 0.000000 0.000000
0.343750 0.015625 0.234375 0.049882 1.000000
0.265625 1.156250 0.937500 0.000362 0.000000
0.421875 1.203120 0.000000 0.024700 1.000000
0.718750 1.140620 0.593750 0.001017 0.000000
0.359375 1.125000 0.640625 0.006079 0.000000
0.328125 1.156250 0.640625 0.030843 1.000000
0.593750 1.125000 0.843750 0.009007 0.000000
0.640625 1.156250 0.828125 0.030587 1.000000
0.328125 1.046880 0.734375 0.009154 0.000000
0.312500 1.078120 0.734375 0.041023 1.000000
0.593750 1.203120 0.609375 0.017351 0.000000
0.609375 1.218750 0.578125 0.044467 1.000000
0.562500 0.906250 0.250000 0.033455 0.000000
0.578125 0.906250 0.265625 0.073759 1.000000
0.593750 1.125000 0.562500 0.040260 0.000000
0.593750 1.140620 0.578125 0.067024 1.000000
0.390625 0.906250 0.234375 0.050648 0.000000
0.375000 0.906250 0.234375 0.079057 1.000000
0.437500 1.187500 0.890625 0.205734 0.000000
0.437500 1.171880 0.890625 0.230444 1.000000
0.484375 0.906250 0.234375 0.399057 2.000000
0.468750 0.578125 0.765625 0.188541 2.000000
