0.484375 1.218750 0.796875 0.633343 2.000000
0.468750 1.234380 0.812500 0.666308 3.000000
0.468750 1.218750 0.765625 0.660931 3.000000
0.500000 1.156250 0.656250 0.548456 2.000000
0.468750 1.109380 0.546875 0.610581 3.000000
0.500000 1.203120 0.703125 0.559557 2.000000
0.500000 1.187500 0.687500 0.608016 3.000000
0.468750 1.234380 0.890625 0.561345 2.000000
0.468750 1.218750 0.890625 0.583091 3.000000
0.453125 1.031250 0.734375 0.530054 2.000000
0.468750 1.000000 0.718750 0.562151 3.000000
0.484375 0.984375 0.062500 0.457996 2.000000
0.453125 1.031250 0.015625 0.548871 3.000000
0.468750 0.921875 0.578125 0.476594 2.000000
0.468750 0.906250 0.593750 0.513762 3.000000
0.484375 1.031250 0.984375 0.485176 2.000000
0.468750 1.046880 0.984375 0.511612 3.000000
0.468750 1.000000 0.562500 0.478328 2.000000
0.484375 0.937500 0.531250 0.509051 3.000000
0.484375 0.921875 0.906250 0.458072 2.000000
0.484375 0.890625 0.921875 0.496280 3.000000
0.484375 0.968750 0.078125 0.496132 3.000000
0.468750 0.859375 0.953125 0.422596 2.000000
0.468750 0.843750 0.968750 0.444986 3.000000
0.468750 0.937500 0.375000 0.410999 2.000000
0.484375 0.906250 0.328125 0.442113 3.000000
0.484375 0.859375 0.031250 0.373205 2.000000
0.484375 0.828125 0.015625 0.408727 3.000000
0.484375 0.578125 0.750000 0.190381 2.000000
0.531250 0.531250 0.750000 0.273080 3.000000
0.468750 0.578125 0.703125 0.190586 2.000000
0.421875 0.531250 0.718750 0.272920 3.000000
0.421875 0.531250 0.218750 0.184884 2.000000
0.421875 0.531250 0.000000 0.233918 3.000000
0.531250 0.531250 0.296875 0.188662 2.000000
0.531250 0.531250 0.000000 0.233609 3.000000
0.468750 0.453125 0.000000 0.000000 0.000000
0.531250 0.062500 0.375000 0.049912 1.000000
0.218750 1.093750 0.734375 0.000373 0.000000
0.328125 1.125000 0.578125 0.033838 1.000000
0.359375 1.125000 0.609375 0.009485 0.000000
0.593750 1.125000 0.906250 0.014506 0.000000
0.593750 1.140620 0.953125 0.041073 1.000000
0.593750 1.078120 0.578125 0.014680 0.000000
0.609375 1.093750 0.562500 0.051819 1.000000
0.546875 1.234380 0.562500 0.015111 0.000000
0.562500 1.218750 0.562500 0.038024 1.000000
0.359375 1.187500 0.875000 0.020602 0.000000
0.343750 1.187500 0.875000 0.048969 1.000000
0.625000 1.062500 0.765625 0.023600 0.000000
0.625000 1.062500 0.718750 0.048659 1.000000
0.390625 0.890625 0.250000 0.040805 0.000000
0.375000 0.890625 0.250000 0.067169 1.000000
0.468750 0.890625 0.234375 0.396682 2.000000
