0.453125 1.343750 0.796875 0.609393 2.000000
0.484375 1.359380 0.718750 0.693462 3.000000
0.468750 1.296880 0.843750 0.639365 3.000000
0.468750 1.140620 0.828125 0.602334 2.000000
0.468750 1.109380 0.812500 0.624078 3.000000
0.468750 1.187500 0.562500 0.518241 2.000000
0.500000 1.171880 0.546875 0.615022 3.000000
0.453125 1.265620 0.578125 0.581225 3.000000
0.500000 1.125000 0.500000 0.487558 2.000000
0.453125 1.093750 0.468750 0.573434 3.000000
0.484375 1.062500 0.609375 0.510924 2.000000
0.468750 1.078120 0.593750 0.555999 3.000000
0.468750 0.968750 0.656250 0.514476 2.000000
0.468750 0.937500 0.656250 0.543030 3.000000
0.484375 0.953125 0.593750 0.505511 2.000000
0.468750 0.968750 0.578125 0.534147 3.000000
0.437500 1.125000 0.968750 0.489818 2.000000
0.468750 1.093750 0.968750 0.532831 3.000000
0.421875 1.156250 0.953125 0.523079 3.000000
0.468750 1.046880 0.046875 0.419151 2.000000
0.437500 1.078120 0.000000 0.516634 3.000000
0.500000 1.015620 0.078125 0.502710 3.000000
0.484375 1.046880 0.406250 0.464049 2.000000
0.484375 1.015620 0.390625 0.497719 3.000000
0.500000 1.062500 0.531250 0.440004 2.000000
0.500000 1.031250 0.531250 0.469084 3.000000
0.484375 0.953125 0.000000 0.395663 2.000000
0.484375 0.859375 0.000000 0.452557 3.000000
0.468750 0.968750 0.093750 0.412404 2.000000
0.468750 0.953125 0.171875 0.442138 3.000000
0.484375 0.921875 0.406250 0.387213 2.000000
0.500000 0.906250 0.437500 0.427179 3.000000
0.484375 0.578125 0.812500 0.188628 2.000000
0.531250 0.531250 0.734375 0.272738 3.000000
0.468750 0.578125 0.796875 0.186953 2.000000
0.421875 0.531250 0.750000 0.272003 3.000000
0.515625 1.062500 0.984375 0.229338 2.000000
0.562500 1.093750 0.984375 0.255440 3.000000
0.421875 0.531250 0.265625 0.185498 2.000000
0.421875 0.531250 0.000000 0.233779 3.000000
0.531250 0.531250 0.281250 0.186128 2.000000
0.531250 0.531250 0.000000 0.233754 3.000000
0.468750 0.453125 0.000000 0.000000 0.000000
0.609375 0.046875 0.062500 0.049908 1.000000
0.203125 1.156250 0.750000 0.001108 0.000000
0.640625 1.171880 0.687500 0.028820 1.000000
0.593750 1.171880 0.625000 0.004552 0.000000
0.593750 1.171880 0.578125 0.012520 0.000000
0.609375 1.187500 0.546875 0.036066 1.000000
0.390625 0.937500 0.234375 0.017638 0.000000
0.359375 0.937500 0.203125 0.076313 1.000000
0.531250 0.875000 0.000000 0.019312 0.000000
0.593750 0.875000 0.015625 0.041122 1.000000
0.421875 1.281250 0.531250 0.020651 0.000000
0.406250 1.281250 0.531250 0.048409 1.000000
0.375000 1.250000 0.562500 0.021317 0.000000
0.375000 1.265620 0.546875 0.060248 1.000000
0.390625 1.265620 0.546875 0.025097 0.000000
0.390625 1.265620 0.531250 0.060204 1.000000
0.562500 0.921875 0.234375 0.035724 0.000000
0.578125 0.937500 0.281250 0.092190 1.000000
0.390625 1.109380 0.546875 0.048434 0.000000
0.375000 1.109380 0.531250 0.073161 1.000000
0.359375 1.125000 0.921875 0.049775 0.000000
0.343750 1.125000 0.937500 0.074564 1.000000
0.531250 1.109380 0.968750 0.104236 0.000000
0.531250 1.093750 0.968750 0.139796 1.000000
0.546875 1.109380 0.953125 0.109337 0.000000
0.562500 1.093750 0.937500 0.134911 1.000000
0.500000 1.109380 0.000000 0.117754 0.000000
0.484375 1.125000 0.015625 0.198594 1.000000
0.375000 1.140620 0.796875 0.127709 0.000000
0.406250 1.125000 0.812500 0.155947 1.000000
0.500000 1.281250 0.812500 0.317903 0.000000
0.500000 1.250000 0.781250 0.342267 1.000000
0.468750 1.218750 0.625000 0.517600 2.000000
0.515625 1.125000 0.906250 0.462522 2.000000
0.468750 0.937500 0.265625 0.401080 2.000000
