0.468750 1.125000 0.750000 0.612058 2.000000
0.468750 1.140620 0.765625 0.672255 3.000000
0.468750 1.218750 0.687500 0.616636 2.000000
0.468750 1.156250 0.703125 0.655707 3.000000
0.468750 1.171880 0.656250 0.639749 3.000000
0.453125 1.125000 0.859375 0.580330 2.000000
0.453125 1.156250 0.890625 0.634830 3.000000
0.484375 1.140620 0.843750 0.603954 3.000000
0.453125 1.078120 0.906250 0.558827 2.000000
0.484375 1.031250 0.953125 0.586000 3.000000
0.484375 1.062500 0.843750 0.548975 2.000000
0.484375 1.000000 0.843750 0.573135 3.000000
0.468750 0.984375 0.671875 0.535476 2.000000
0.468750 0.953125 0.671875 0.560404 3.000000
0.484375 1.046880 0.531250 0.520945 2.000000
0.500000 1.015620 0.531250 0.550582 3.000000
0.468750 1.046880 0.890625 0.515721 2.000000
0.468750 1.015620 0.890625 0.545876 3.000000
0.484375 0.984375 0.562500 0.454479 2.000000
0.484375 0.968750 0.562500 0.509232 3.000000
0.484375 0.875000 0.234375 0.397008 2.000000
0.484375 1.015620 0.015625 0.502224 3.000000
0.468750 0.921875 0.015625 0.388572 2.000000
0.468750 0.875000 0.000000 0.435134 3.000000
0.468750 0.578125 0.734375 0.190850 2.000000
0.421875 0.531250 0.718750 0.272927 3.000000
0.484375 0.578125 0.750000 0.190115 2.000000
0.531250 0.531250 0.734375 0.271745 3.000000
0.531250 0.531250 0.234375 0.189804 2.000000
0.531250 0.531250 0.000000 0.233439 3.000000
0.421875 0.531250 0.250000 0.190262 2.000000
0.421875 0.531250 0.000000 0.233308 3.000000
0.468750 0.453125 0.000000 0.000000 0.000000
0.765625 0.046875 0.375000 0.049885 1.000000
0.250000 1.093750 0.890625 0.001189 0.000000
0.484375 1.171880 0.500000 0.028608 1.000000
0.687500 1.093750 0.562500 0.001611 0.000000
0.328125 1.015620 0.734375 0.009202 0.000000
0.312500 1.031250 0.750000 0.038756 1.000000
0.359375 1.093750 0.843750 0.010234 0.000000
0.312500 1.109380 0.859375 0.035138 1.000000
0.609375 1.093750 0.625000 0.011162 0.000000
0.609375 1.062500 0.671875 0.033868 1.000000
0.359375 1.140620 0.609375 0.013313 0.000000
0.328125 1.125000 0.625000 0.037916 1.000000
0.406250 0.875000 0.265625 0.026021 0.000000
0.375000 0.875000 0.281250 0.067667 1.000000
0.593750 1.078120 0.921875 0.027363 0.000000
0.609375 1.093750 0.953125 0.059579 1.000000
0.546875 0.875000 0.234375 0.031253 0.000000
0.578125 0.875000 0.234375 0.064282 1.000000
0.500000 1.156250 0.812500 0.568834 2.000000
