0 1
2 3
2 4
5 6
7 8
7 9
10 11
12 13
14 15
16 17
18 19
20 21
22 23
24 25
26 27
28 29
30 31
32 33
34 35
36 37
38 39
40 41
42 43
30 44
22 45
46 47
48 49
32 50
51 52
53 54
55 56
57 58
59 60
61 62
63 64
65 66
67 66
68 69
70 71
72 73
74 75
76 77
78 79
80 81
82 83
5 2
84 7
42 30
85 22
86 32
66 61
0 5
46 42
61 64
84 0
87 46
64 69
10 84
69 71
12 10
71 73
20 12
73 75
16 20
75 77
18 16
77 81
24 18
81 59
14 24
59 57
28 14
57 51
34 28
51 53
36 34
53 79
40 36
79 55
26 40
55 87
38 26
87 86
83 38
86 48
85 83
48 85
