0.500000 1.125000 0.718750 0.593419 2.000000
0.484375 1.109380 0.765625 0.650326 3.000000
0.453125 1.140620 0.812500 0.589247 2.000000
0.468750 1.109380 0.828125 0.642948 3.000000
0.468750 1.109380 0.593750 0.595766 2.000000
0.468750 1.078120 0.625000 0.638011 3.000000
0.468750 1.125000 0.687500 0.637201 3.000000
0.468750 1.078120 0.578125 0.630058 3.000000
0.484375 1.281250 0.734375 0.540293 2.000000
0.468750 1.296880 0.734375 0.575522 3.000000
0.468750 0.859375 0.234375 0.396832 2.000000
0.484375 1.015620 0.000000 0.549768 3.000000
0.484375 0.859375 0.718750 0.508691 2.000000
0.484375 0.890625 0.734375 0.539104 3.000000
0.484375 0.890625 0.781250 0.502412 2.000000
0.468750 0.890625 0.796875 0.538028 3.000000
0.468750 0.968750 0.437500 0.473544 2.000000
0.484375 0.953125 0.421875 0.504575 3.000000
0.468750 0.578125 0.734375 0.189207 2.000000
0.421875 0.531250 0.750000 0.274665 3.000000
0.484375 0.578125 0.750000 0.189684 2.000000
0.531250 0.531250 0.750000 0.272025 3.000000
0.531250 0.531250 0.203125 0.185282 2.000000
0.531250 0.531250 0.015625 0.236308 3.000000
0.421875 0.531250 0.265625 0.186258 2.000000
0.421875 0.531250 0.000000 0.233590 3.000000
0.468750 1.125000 0.000000 0.052618 2.000000
0.468750 1.156250 0.000000 0.081466 3.000000
0.468750 0.453125 0.000000 0.000000 0.000000
0.750000 0.062500 0.250000 0.049904 1.000000
0.703125 1.078120 0.593750 0.001370 0.000000
0.468750 1.203120 0.218750 0.041549 1.000000
0.265625 1.078120 0.906250 0.001436 0.000000
0.359375 1.140620 0.906250 0.034226 1.000000
0.406250 0.859375 0.250000 0.004890 0.000000
0.390625 0.859375 0.234375 0.070555 1.000000
0.343750 1.062500 0.656250 0.008154 0.000000
0.312500 1.046880 0.671875 0.036557 1.000000
0.343750 0.984375 0.734375 0.011904 0.000000
0.328125 1.015620 0.687500 0.042079 1.000000
0.375000 1.156250 0.890625 0.012674 0.000000
0.390625 1.140620 0.546875 0.015804 0.000000
0.390625 1.140620 0.531250 0.047493 1.000000
0.546875 0.859375 0.234375 0.027520 0.000000
0.578125 0.859375 0.281250 0.065487 1.000000
0.578125 1.062500 0.578125 0.037597 0.000000
0.593750 1.062500 0.562500 0.068325 1.000000
0.484375 1.109380 0.656250 0.571773 2.000000
