0.468750 1.093750 0.718750 0.620119 2.000000
0.484375 1.125000 0.703125 0.671727 3.000000
0.484375 1.078120 0.734375 0.656808 3.000000
0.468750 1.125000 0.750000 0.586429 2.000000
0.484375 1.125000 0.796875 0.643560 3.000000
0.484375 1.062500 0.640625 0.567692 2.000000
0.484375 1.062500 0.609375 0.602840 3.000000
0.484375 0.937500 0.078125 0.435135 2.000000
0.484375 1.000000 0.000000 0.511608 3.000000
0.468750 0.937500 0.937500 0.443379 2.000000
0.484375 0.937500 0.921875 0.472544 3.000000
0.468750 0.953125 0.546875 0.436933 2.000000
0.484375 0.921875 0.546875 0.460633 3.000000
0.484375 0.921875 0.078125 0.456889 3.000000
0.468750 0.796875 0.953125 0.415735 2.000000
0.484375 0.812500 0.968750 0.444572 3.000000
0.468750 0.796875 0.015625 0.360829 2.000000
0.453125 0.828125 0.000000 0.396177 3.000000
0.484375 0.812500 0.031250 0.386704 3.000000
0.484375 0.578125 0.718750 0.189113 2.000000
0.531250 0.531250 0.765625 0.273098 3.000000
0.468750 0.578125 0.796875 0.189838 2.000000
0.421875 0.531250 0.718750 0.273038 3.000000
0.531250 0.531250 0.218750 0.186864 2.000000
0.531250 0.531250 0.015625 0.236667 3.000000
0.421875 0.531250 0.187500 0.188373 2.000000
0.421875 0.531250 0.000000 0.233767 3.000000
0.468750 0.453125 0.000000 0.000000 0.000000
0.390625 0.062500 0.234375 0.049908 1.000000
0.718750 1.031250 0.765625 0.000563 0.000000
0.656250 1.031250 0.781250 0.032520 1.000000
0.265625 1.046880 0.890625 0.001769 0.000000
0.515625 1.156250 0.953125 0.038779 1.000000
0.546875 0.843750 0.234375 0.006000 0.000000
0.562500 0.859375 0.281250 0.065256 1.000000
0.609375 1.046880 0.656250 0.006243 0.000000
0.625000 1.031250 0.718750 0.030344 1.000000
0.640625 1.031250 0.750000 0.007798 0.000000
0.343750 1.015620 0.687500 0.012531 0.000000
0.328125 0.984375 0.734375 0.040043 1.000000
0.593750 1.093750 0.875000 0.022635 0.000000
0.593750 1.078120 0.859375 0.046644 1.000000
0.406250 0.843750 0.250000 0.025228 0.000000
0.390625 0.859375 0.234375 0.071198 1.000000
0.484375 0.859375 0.250000 0.387235 2.000000
0.468750 0.843750 0.000000 0.355449 2.000000
