0.468750 1.156250 0.640625 0.582857 2.000000
0.468750 1.296880 0.703125 0.695880 3.000000
0.531250 1.312500 0.750000 0.547679 2.000000
0.484375 1.390620 0.781250 0.634011 3.000000
0.453125 1.281250 0.828125 0.524290 2.000000
0.500000 1.296880 0.890625 0.624882 3.000000
0.484375 1.078120 0.781250 0.547359 2.000000
0.468750 1.093750 0.796875 0.610589 3.000000
0.468750 1.156250 0.625000 0.609588 3.000000
0.468750 1.125000 0.656250 0.579135 2.000000
0.468750 1.078120 0.671875 0.606257 3.000000
0.484375 1.234380 0.593750 0.566471 2.000000
0.500000 1.265620 0.562500 0.590686 3.000000
0.500000 1.171880 0.546875 0.494562 2.000000
0.453125 1.156250 0.484375 0.577292 3.000000
0.531250 1.312500 0.734375 0.573379 3.000000
0.468750 0.953125 0.015625 0.422779 2.000000
0.468750 1.093750 0.031250 0.570235 3.000000
0.468750 0.906250 0.843750 0.521722 2.000000
0.468750 1.062500 0.875000 0.566060 3.000000
0.484375 0.968750 0.765625 0.525079 2.000000
0.484375 0.937500 0.781250 0.553547 3.000000
0.484375 0.953125 0.750000 0.521919 2.000000
0.468750 0.906250 0.718750 0.551334 3.000000
0.453125 1.062500 0.828125 0.513216 2.000000
0.437500 1.093750 0.828125 0.537576 3.000000
0.484375 0.890625 0.531250 0.457492 2.000000
0.468750 0.890625 0.500000 0.481575 3.000000
0.484375 1.078120 0.437500 0.454372 2.000000
0.500000 1.046880 0.406250 0.480185 3.000000
0.468750 0.921875 0.000000 0.458278 3.000000
0.468750 0.968750 0.156250 0.412164 2.000000
0.468750 0.968750 0.171875 0.437826 3.000000
0.484375 0.984375 0.343750 0.403896 2.000000
0.468750 0.968750 0.312500 0.431101 3.000000
0.484375 0.953125 0.218750 0.407739 2.000000
0.468750 0.953125 0.250000 0.429328 3.000000
0.468750 0.578125 0.734375 0.189191 2.000000
0.421875 0.531250 0.750000 0.272906 3.000000
0.531250 0.531250 0.218750 0.190279 2.000000
0.531250 0.531250 0.750000 0.272058 3.000000
0.421875 0.531250 0.234375 0.184840 2.000000
0.421875 0.531250 0.000000 0.235161 3.000000
0.531250 0.531250 0.000000 0.233594 3.000000
0.468750 0.453125 0.000000 0.000000 0.000000
0.437500 0.046875 0.203125 0.049890 1.000000
0.750000 1.187500 0.828125 0.000830 0.000000
0.687500 1.187500 0.687500 0.026084 1.000000
0.656250 1.171880 0.687500 0.004166 0.000000
0.609375 1.250000 0.859375 0.007419 0.000000
0.640625 1.234380 0.875000 0.040976 1.000000
0.656250 1.140620 0.765625 0.011892 0.000000
0.671875 1.156250 0.734375 0.037834 1.000000
0.421875 0.906250 0.968750 0.013440 0.000000
0.328125 0.921875 0.984375 0.036051 1.000000
0.468750 1.359380 0.921875 0.020974 0.000000
0.468750 1.359380 0.953125 0.060555 1.000000
0.390625 0.953125 0.265625 0.032460 0.000000
0.359375 0.953125 0.265625 0.070619 1.000000
0.562500 0.937500 0.250000 0.037989 0.000000
0.593750 0.937500 0.187500 0.079143 1.000000
0.531250 1.281250 0.968750 0.038957 0.000000
0.546875 1.281250 0.984375 0.064978 1.000000
0.375000 1.203120 0.640625 0.134562 0.000000
0.375000 1.218750 0.593750 0.158093 1.000000
0.531250 1.281250 0.828125 0.156745 0.000000
0.531250 1.265620 0.828125 0.182112 1.000000
0.531250 1.296880 0.640625 0.184016 0.000000
0.546875 1.296880 0.656250 0.210593 1.000000
0.453125 1.203120 0.781250 0.538497 2.000000
0.484375 0.578125 0.718750 0.189106 2.000000
0.468750 0.953125 0.265625 0.398315 2.000000
