0.453125 1.203120 0.812500 0.572744 2.000000
0.468750 1.171880 0.859375 0.649789 3.000000
0.484375 1.234380 0.781250 0.639949 3.000000
0.468750 1.171880 0.609375 0.576453 2.000000
0.484375 1.250000 0.687500 0.637245 3.000000
0.484375 1.125000 0.531250 0.614935 3.000000
0.453125 1.125000 0.703125 0.573511 2.000000
0.437500 1.109380 0.718750 0.603290 3.000000
0.484375 1.140620 0.937500 0.512382 2.000000
0.468750 1.093750 0.968750 0.599551 3.000000
0.468750 1.250000 0.593750 0.557077 2.000000
0.468750 1.265620 0.578125 0.586611 3.000000
0.468750 0.968750 0.000000 0.401892 2.000000
0.453125 1.078120 0.000000 0.573752 3.000000
0.484375 1.062500 0.671875 0.518710 2.000000
0.484375 1.015620 0.656250 0.549378 3.000000
0.468750 0.921875 0.765625 0.522581 2.000000
0.468750 0.906250 0.750000 0.548001 3.000000
0.515625 1.234380 0.906250 0.524937 2.000000
0.500000 1.250000 0.921875 0.547485 3.000000
0.484375 1.046880 0.468750 0.490762 2.000000
0.468750 1.031250 0.437500 0.534638 3.000000
0.468750 0.921875 0.796875 0.489526 2.000000
0.468750 0.859375 0.781250 0.524885 3.000000
0.468750 0.953125 0.546875 0.475951 2.000000
0.484375 0.921875 0.562500 0.499785 3.000000
0.468750 0.890625 0.546875 0.466602 2.000000
0.484375 0.921875 0.515625 0.491576 3.000000
0.484375 0.984375 0.390625 0.434793 2.000000
0.484375 0.968750 0.390625 0.470369 3.000000
0.484375 0.921875 0.015625 0.448847 3.000000
0.484375 0.578125 0.750000 0.189582 2.000000
0.531250 0.531250 0.750000 0.273424 3.000000
0.468750 0.578125 0.765625 0.191255 2.000000
0.421875 0.531250 0.750000 0.271855 3.000000
0.421875 0.531250 0.234375 0.188162 2.000000
0.421875 0.531250 0.015625 0.236386 3.000000
0.531250 0.531250 0.218750 0.184667 2.000000
0.531250 0.531250 0.000000 0.234563 3.000000
0.468750 0.453125 0.000000 0.000000 0.000000
0.312500 0.015625 0.421875 0.049907 1.000000
0.734375 1.093750 0.703125 0.001061 0.000000
0.421875 1.265620 0.500000 0.029015 1.000000
0.218750 1.125000 0.828125 0.001350 0.000000
0.609375 1.140620 0.843750 0.008957 0.000000
0.625000 1.109380 0.890625 0.030488 1.000000
0.625000 1.046880 0.703125 0.009387 0.000000
0.625000 1.046880 0.734375 0.035654 1.000000
0.437500 1.234380 0.968750 0.013126 0.000000
0.406250 1.234380 0.953125 0.036323 1.000000
0.562500 0.906250 0.250000 0.038561 0.000000
0.578125 0.906250 0.250000 0.078653 1.000000
0.390625 0.906250 0.234375 0.041481 0.000000
0.375000 0.906250 0.187500 0.078850 1.000000
0.390625 1.234380 0.578125 0.041829 0.000000
0.359375 1.234380 0.562500 0.063644 1.000000
0.375000 1.093750 0.921875 0.044124 0.000000
0.359375 1.093750 0.921875 0.071165 1.000000
0.578125 1.093750 0.640625 0.083658 0.000000
0.578125 1.109380 0.625000 0.106717 1.000000
0.515625 1.093750 0.000000 0.217749 0.000000
0.531250 1.125000 0.000000 0.252194 1.000000
0.484375 1.296880 0.750000 0.572387 2.000000
0.468750 0.906250 0.250000 0.400094 2.000000
