0.468750 1.218750 0.734375 0.632861 2.000000
0.468750 1.218750 0.703125 0.666990 3.000000
0.468750 1.203120 0.765625 0.656222 3.000000
0.468750 1.125000 0.781250 0.596880 2.000000
0.468750 1.125000 0.796875 0.636115 3.000000
0.484375 1.109380 0.875000 0.530708 2.000000
0.468750 1.078120 0.953125 0.585393 3.000000
0.468750 1.125000 0.593750 0.503903 2.000000
0.500000 1.125000 0.546875 0.577358 3.000000
0.484375 0.875000 0.265625 0.395333 2.000000
0.468750 1.031250 0.000000 0.534642 3.000000
0.484375 0.953125 0.625000 0.479432 2.000000
0.484375 0.875000 0.625000 0.505356 3.000000
0.484375 0.906250 0.578125 0.467800 2.000000
0.484375 0.875000 0.562500 0.500550 3.000000
0.468750 0.953125 0.421875 0.444630 2.000000
0.484375 0.953125 0.406250 0.478678 3.000000
0.531250 0.531250 0.312500 0.190339 2.000000
0.531250 0.531250 0.734375 0.272192 3.000000
0.453125 0.578125 0.687500 0.188344 2.000000
0.421875 0.531250 0.687500 0.271926 3.000000
0.421875 0.531250 0.218750 0.184515 2.000000
0.421875 0.531250 0.000000 0.234030 3.000000
0.531250 0.531250 0.015625 0.233696 3.000000
0.468750 0.453125 0.000000 0.000000 0.000000
0.312500 0.015625 0.203125 0.049913 1.000000
0.250000 1.093750 0.609375 0.001213 0.000000
0.484375 1.234380 0.250000 0.041214 1.000000
0.718750 1.062500 0.687500 0.001448 0.000000
0.640625 1.093750 0.859375 0.033048 1.000000
0.625000 1.046880 0.765625 0.004598 0.000000
0.578125 1.125000 0.906250 0.007324 0.000000
0.578125 1.125000 0.921875 0.046464 1.000000
0.609375 1.046880 0.671875 0.011964 0.000000
0.625000 1.031250 0.718750 0.035395 1.000000
0.406250 0.875000 0.265625 0.020662 0.000000
0.375000 0.875000 0.281250 0.067846 1.000000
0.546875 0.875000 0.234375 0.028904 0.000000
0.578125 0.875000 0.234375 0.066909 1.000000
0.484375 0.578125 0.718750 0.187742 2.000000
