0 1
2 3
4 5
2 6
7 8
9 10
11 12
13 14
13 15
16 17
18 19
20 21
22 23
24 25
26 27
24 28
29 30
31 32
33 34
16 35
36 37
38 39
40 41
42 43
44 45
40 46
47 48
49 50
51 52
53 54
55 56
57 58
59 60
61 62
63 64
65 66
67 64
68 69
70 71
72 73
74 75
76 77
78 79
80 81
82 83
84 85
86 87
88 87
89 90
91 92
93 94
95 96
97 2
4 13
18 24
98 16
98 40
64 66
87 99
97 4
7 18
100 98
66 71
0 97
101 7
71 69
11 0
69 77
22 11
77 73
31 22
73 62
9 31
62 75
26 9
75 79
101 26
79 81
20 101
81 83
29 20
83 85
36 29
85 90
38 36
90 99
42 38
99 92
44 42
92 94
47 44
94 57
33 47
57 59
100 33
59 55
49 100
55 53
51 49
53 96
96 51
