0.468750 1.062500 0.750000 0.612181 2.000000
0.484375 1.093750 0.687500 0.649288 3.000000
0.468750 1.140620 0.765625 0.635441 3.000000
0.468750 1.062500 0.859375 0.563526 2.000000
0.468750 1.062500 0.890625 0.628926 3.000000
0.468750 1.046880 0.843750 0.609708 3.000000
0.468750 1.062500 0.593750 0.557582 2.000000
0.500000 1.062500 0.625000 0.600866 3.000000
0.484375 1.031250 0.546875 0.595531 3.000000
0.484375 1.062500 0.921875 0.559192 2.000000
0.484375 1.015620 0.968750 0.591192 3.000000
0.484375 0.953125 0.656250 0.523895 2.000000
0.484375 0.921875 0.640625 0.546486 3.000000
0.468750 0.859375 0.046875 0.394763 2.000000
0.484375 1.000000 0.000000 0.523236 3.000000
0.468750 0.828125 0.000000 0.425077 3.000000
0.437500 1.156250 0.718750 0.395335 2.000000
0.421875 1.156250 0.734375 0.417690 3.000000
0.468750 0.578125 0.734375 0.189312 2.000000
0.421875 0.531250 0.703125 0.272497 3.000000
0.531250 0.531250 0.296875 0.188139 2.000000
0.531250 0.531250 0.703125 0.272474 3.000000
0.531250 0.531250 0.000000 0.232642 3.000000
0.421875 0.531250 0.218750 0.187769 2.000000
0.421875 0.531250 0.031250 0.232260 3.000000
0.468750 0.453125 0.000000 0.000000 0.000000
0.640625 0.046875 0.187500 0.049908 1.000000
0.718750 1.015620 0.750000 0.001504 0.000000
0.468750 1.187500 0.234375 0.042193 1.000000
0.265625 1.046880 0.921875 0.002192 0.000000
0.312500 0.984375 0.734375 0.040549 1.000000
0.546875 0.843750 0.250000 0.007329 0.000000
0.562500 0.859375 0.234375 0.060657 1.000000
0.343750 0.968750 0.734375 0.016190 0.000000
0.593750 1.031250 0.890625 0.016610 0.000000
0.578125 1.031250 0.859375 0.058945 1.000000
0.406250 0.843750 0.234375 0.025341 0.000000
0.390625 0.859375 0.203125 0.060877 1.000000
0.468750 1.015620 0.796875 0.561115 2.000000
0.500000 1.062500 0.656250 0.539603 2.000000
0.484375 0.843750 0.203125 0.390242 2.000000
0.484375 0.578125 0.781250 0.188071 2.000000
