0 1
0 2
3 4
3 5
6 7
8 9
10 11
12 13
14 15
16 17
18 19
20 21
22 23
24 25
26 27
22 28
29 30
31 32
33 34
35 36
37 38
39 40
41 42
43 44
45 46
47 48
49 50
51 52
53 54
55 56
57 58
59 60
61 62
63 62
64 65
66 67
68 69
70 71
72 73
74 75
76 77
78 79
80 81
82 83
84 85
86 87
88 89
90 91
92 93
94 95
96 0
6 3
43 22
62 69
96 6
37 43
69 65
14 96
97 37
65 67
12 14
67 60
8 12
60 73
10 8
73 71
18 10
71 79
24 18
79 75
26 24
75 81
20 26
81 77
29 20
77 83
16 29
83 85
33 16
85 89
39 33
89 87
31 39
87 57
35 31
57 55
41 35
55 51
45 41
51 53
47 45
53 91
97 47
91 93
49 97
93 95
95 49
