0.468750 1.093750 0.750000 0.618794 2.000000
0.468750 1.109380 0.703125 0.645810 3.000000
0.468750 1.093750 0.765625 0.644067 3.000000
0.484375 1.046880 0.843750 0.552860 2.000000
0.468750 1.093750 0.859375 0.583472 3.000000
0.468750 1.093750 0.875000 0.532700 2.000000
0.484375 1.031250 0.937500 0.569064 3.000000
0.468750 1.078120 0.578125 0.533177 2.000000
0.500000 1.078120 0.546875 0.560291 3.000000
0.468750 0.953125 0.859375 0.512706 2.000000
0.468750 0.921875 0.875000 0.534775 3.000000
0.468750 0.859375 0.265625 0.386856 2.000000
0.468750 1.000000 0.000000 0.533897 3.000000
0.484375 0.859375 0.562500 0.448243 2.000000
0.484375 0.828125 0.562500 0.476430 3.000000
0.484375 0.937500 0.421875 0.442641 2.000000
0.484375 0.921875 0.406250 0.471670 3.000000
0.531250 0.531250 0.234375 0.190323 2.000000
0.531250 0.531250 0.734375 0.272522 3.000000
0.453125 0.578125 0.687500 0.187663 2.000000
0.421875 0.531250 0.687500 0.272147 3.000000
0.421875 0.531250 0.218750 0.184830 2.000000
0.421875 0.531250 0.000000 0.233742 3.000000
0.531250 0.531250 0.000000 0.233697 3.000000
0.468750 0.453125 0.000000 0.000000 0.000000
0.359375 0.062500 0.328125 0.049908 1.000000
0.265625 1.046880 0.906250 0.000607 0.000000
0.468750 1.203120 0.265625 0.042712 1.000000
0.687500 1.046880 0.906250 0.000861 0.000000
0.640625 1.046880 0.843750 0.033861 1.000000
0.609375 1.062500 0.859375 0.004288 0.000000
0.609375 0.984375 0.718750 0.008015 0.000000
0.640625 1.031250 0.828125 0.038107 1.000000
0.546875 0.843750 0.218750 0.014904 0.000000
0.562500 0.843750 0.234375 0.059819 1.000000
0.359375 0.984375 0.546875 0.021495 0.000000
0.343750 1.015620 0.546875 0.049394 1.000000
0.406250 0.843750 0.250000 0.027769 0.000000
0.390625 0.859375 0.265625 0.068563 1.000000
0.484375 0.578125 0.718750 0.188100 2.000000
