0.468750 1.375000 0.781250 0.601420 2.000000
0.484375 1.421880 0.718750 0.693891 3.000000
0.468750 1.375000 0.843750 0.602277 2.000000
0.484375 1.312500 0.859375 0.648586 3.000000
0.468750 1.171880 0.828125 0.590665 2.000000
0.468750 1.140620 0.812500 0.638765 3.000000
0.453125 1.421880 0.812500 0.626231 3.000000
0.468750 1.156250 0.562500 0.519566 2.000000
0.500000 1.203120 0.562500 0.589883 3.000000
0.500000 1.171880 0.515625 0.464090 2.000000
0.453125 1.125000 0.468750 0.580643 3.000000
0.453125 1.296880 0.625000 0.505090 2.000000
0.437500 1.296880 0.593750 0.562315 3.000000
0.468750 1.109380 0.593750 0.561617 3.000000
0.468750 0.968750 0.687500 0.510525 2.000000
0.468750 0.953125 0.656250 0.549474 3.000000
0.437500 1.156250 0.968750 0.486792 2.000000
0.421875 1.171880 0.953125 0.524251 3.000000
0.468750 1.125000 0.968750 0.522897 3.000000
0.453125 1.062500 0.046875 0.405677 2.000000
0.437500 1.078120 0.000000 0.519747 3.000000
0.484375 0.984375 0.125000 0.406884 2.000000
0.500000 1.031250 0.078125 0.499392 3.000000
0.453125 1.078120 0.437500 0.460708 2.000000
0.484375 1.031250 0.390625 0.497320 3.000000
0.468750 0.890625 0.078125 0.373747 2.000000
0.484375 0.875000 0.000000 0.461101 3.000000
0.468750 0.968750 0.171875 0.446639 3.000000
0.468750 0.968750 0.343750 0.417727 2.000000
0.468750 0.968750 0.312500 0.442717 3.000000
0.500000 0.968750 0.406250 0.393292 2.000000
0.500000 0.937500 0.437500 0.427524 3.000000
0.484375 0.578125 0.812500 0.188473 2.000000
0.531250 0.531250 0.734375 0.272853 3.000000
0.468750 0.578125 0.796875 0.186975 2.000000
0.421875 0.531250 0.750000 0.272314 3.000000
0.546875 1.062500 0.984375 0.205310 2.000000
0.562500 1.109380 0.984375 0.246072 3.000000
0.531250 0.531250 0.281250 0.186206 2.000000
0.531250 0.531250 0.000000 0.233805 3.000000
0.421875 0.531250 0.265625 0.186587 2.000000
0.421875 0.531250 0.000000 0.233772 3.000000
0.468750 0.453125 0.000000 0.000000 0.000000
0.765625 0.015625 0.468750 0.049906 1.000000
0.718750 1.187500 0.625000 0.000390 0.000000
0.562500 1.250000 0.531250 0.033266 1.000000
0.562500 1.250000 0.546875 0.009980 0.000000
0.562500 0.937500 0.234375 0.013912 0.000000
0.578125 0.937500 0.234375 0.092393 1.000000
0.390625 0.953125 0.218750 0.035392 0.000000
0.359375 0.937500 0.203125 0.082593 1.000000
0.390625 1.125000 0.546875 0.044984 0.000000
0.359375 1.140620 0.531250 0.067832 1.000000
0.531250 1.125000 0.968750 0.070528 0.000000
0.546875 1.140620 0.937500 0.136564 1.000000
0.500000 1.125000 0.000000 0.081500 0.000000
0.515625 1.140620 0.000000 0.186241 1.000000
0.375000 1.156250 0.781250 0.132820 0.000000
0.406250 1.140620 0.796875 0.156836 1.000000
0.484375 1.296880 0.796875 0.322479 0.000000
0.500000 1.281250 0.781250 0.351867 1.000000
0.468750 0.906250 0.640625 0.503349 2.000000
0.500000 1.031250 0.906250 0.454335 2.000000
0.468750 0.953125 0.265625 0.401569 2.000000
