0.468750 1.203120 0.671875 0.616211 2.000000
0.468750 1.187500 0.703125 0.675345 3.000000
0.468750 1.218750 0.656250 0.654481 3.000000
0.484375 1.078120 0.781250 0.567782 2.000000
0.484375 1.234380 0.781250 0.652109 3.000000
0.453125 1.203120 0.843750 0.559384 2.000000
0.484375 1.156250 0.890625 0.627477 3.000000
0.468750 1.062500 0.796875 0.610592 3.000000
0.515625 1.234380 0.750000 0.553212 2.000000
0.515625 1.218750 0.734375 0.601730 3.000000
0.500000 1.093750 0.531250 0.531515 2.000000
0.468750 1.078120 0.484375 0.582747 3.000000
0.468750 1.359380 0.734375 0.521326 2.000000
0.453125 1.390620 0.734375 0.560671 3.000000
0.484375 0.984375 0.078125 0.452578 2.000000
0.468750 1.031250 0.031250 0.524841 3.000000
0.484375 0.968750 0.093750 0.487484 3.000000
0.500000 0.953125 0.546875 0.433936 2.000000
0.500000 0.968750 0.546875 0.461156 3.000000
0.468750 0.906250 0.000000 0.408001 2.000000
0.468750 0.859375 0.000000 0.435658 3.000000
0.468750 0.578125 0.734375 0.189533 2.000000
0.421875 0.531250 0.750000 0.272512 3.000000
0.531250 0.531250 0.265625 0.190143 2.000000
0.531250 0.531250 0.750000 0.272307 3.000000
0.421875 0.531250 0.234375 0.186729 2.000000
0.421875 0.531250 0.000000 0.234750 3.000000
0.531250 0.531250 0.000000 0.233329 3.000000
0.468750 0.453125 0.000000 0.000000 0.000000
0.281250 0.031250 0.062500 0.049892 1.000000
0.250000 1.140620 0.906250 0.001000 0.000000
0.453125 1.218750 0.484375 0.032938 1.000000
0.718750 1.125000 0.609375 0.001256 0.000000
0.593750 1.140620 0.875000 0.012204 0.000000
0.625000 1.125000 0.906250 0.034259 1.000000
0.578125 1.156250 0.546875 0.014748 0.000000
0.578125 1.156250 0.515625 0.042911 1.000000
0.546875 1.203120 0.968750 0.031175 0.000000
0.500000 1.218750 0.968750 0.055259 1.000000
0.562500 0.906250 0.218750 0.037545 0.000000
0.578125 0.906250 0.187500 0.076513 1.000000
0.390625 0.906250 0.250000 0.043572 0.000000
0.375000 0.906250 0.250000 0.067924 1.000000
0.484375 1.265620 0.734375 0.540664 2.000000
0.484375 0.578125 0.718750 0.189616 2.000000
0.468750 0.921875 0.265625 0.398220 2.000000
