0.484375 1.156250 0.765625 0.590734 2.000000
0.500000 1.359380 0.734375 0.687321 3.000000
0.468750 1.265620 0.640625 0.593277 2.000000
0.484375 1.234380 0.640625 0.656669 3.000000
0.484375 1.265620 0.843750 0.592246 2.000000
0.468750 1.281250 0.875000 0.649454 3.000000
0.484375 1.203120 0.812500 0.641038 3.000000
0.468750 1.343750 0.640625 0.637222 3.000000
0.484375 1.093750 0.765625 0.626241 3.000000
0.500000 1.453120 0.703125 0.580134 2.000000
0.500000 1.500000 0.671875 0.605013 3.000000
0.468750 1.343750 0.718750 0.573468 2.000000
0.437500 1.343750 0.734375 0.602663 3.000000
0.500000 1.125000 0.562500 0.485975 2.000000
0.453125 1.171880 0.531250 0.555839 3.000000
0.484375 0.875000 0.796875 0.508462 2.000000
0.484375 0.906250 0.812500 0.554514 3.000000
0.484375 1.046880 0.093750 0.436822 2.000000
0.468750 1.078120 0.046875 0.540030 3.000000
0.484375 0.906250 0.640625 0.500422 2.000000
0.468750 0.906250 0.625000 0.533703 3.000000
0.468750 0.921875 0.843750 0.493895 2.000000
0.468750 0.906250 0.859375 0.525091 3.000000
0.500000 1.125000 0.031250 0.449899 2.000000
0.500000 1.156250 0.000000 0.524219 3.000000
0.484375 1.093750 0.453125 0.471635 2.000000
0.484375 1.062500 0.421875 0.519853 3.000000
0.484375 1.218750 0.953125 0.458672 2.000000
0.484375 1.171880 0.984375 0.512781 3.000000
0.421875 1.328120 0.781250 0.462589 2.000000
0.390625 1.343750 0.781250 0.500208 3.000000
0.453125 1.015620 0.531250 0.460535 2.000000
0.468750 0.953125 0.531250 0.497766 3.000000
0.515625 1.468750 0.765625 0.458143 2.000000
0.515625 1.484380 0.765625 0.497739 3.000000
0.484375 0.953125 0.937500 0.449145 2.000000
0.484375 0.968750 0.984375 0.486873 3.000000
0.484375 1.031250 0.109375 0.478740 3.000000
0.515625 1.109380 0.031250 0.472118 3.000000
0.453125 1.078120 0.937500 0.441855 2.000000
0.468750 1.046880 0.937500 0.472011 3.000000
0.468750 0.843750 0.500000 0.432783 2.000000
0.484375 0.906250 0.484375 0.462919 3.000000
0.421875 0.531250 0.218750 0.189738 2.000000
0.421875 0.531250 0.734375 0.272526 3.000000
0.484375 0.578125 0.750000 0.189942 2.000000
0.531250 0.531250 0.750000 0.272257 3.000000
0.421875 0.531250 0.000000 0.240321 3.000000
0.531250 0.531250 0.234375 0.189093 2.000000
0.531250 0.531250 0.000000 0.233089 3.000000
0.531250 1.937500 0.250000 0.049916 2.000000
0.468750 1.359380 0.000000 0.081632 3.000000
0.468750 0.453125 0.000000 0.000000 0.000000
0.531250 0.078125 0.421875 0.049905 1.000000
0.734375 1.218750 0.656250 0.000707 0.000000
0.296875 1.218750 0.640625 0.026709 1.000000
0.312500 1.203120 0.640625 0.003017 0.000000
0.375000 1.296880 0.906250 0.006668 0.000000
0.359375 1.312500 0.921875 0.041965 1.000000
0.312500 1.125000 0.765625 0.012748 0.000000
0.328125 1.171880 0.812500 0.040883 1.000000
0.468750 1.328120 0.984375 0.028979 0.000000
0.515625 1.312500 0.984375 0.050872 1.000000
0.562500 0.953125 0.250000 0.040667 0.000000
0.593750 0.953125 0.250000 0.077302 1.000000
0.390625 0.968750 0.203125 0.049356 0.000000
0.359375 0.968750 0.218750 0.092371 1.000000
0.531250 1.140620 0.515625 0.066307 0.000000
0.546875 1.125000 0.515625 0.110554 1.000000
0.546875 1.125000 0.546875 0.074420 0.000000
0.562500 1.093750 0.562500 0.109264 1.000000
0.515625 1.156250 0.500000 0.090728 0.000000
0.515625 1.140620 0.500000 0.112775 1.000000
0.437500 1.250000 0.609375 0.170163 0.000000
0.421875 1.234380 0.625000 0.193534 1.000000
0.437500 1.156250 0.000000 0.182495 0.000000
0.437500 1.187500 0.000000 0.253555 1.000000
0.531250 1.296880 0.875000 0.209683 0.000000
0.515625 1.328120 0.890625 0.232098 1.000000
0.500000 1.296880 0.765625 0.542456 2.000000
0.468750 1.406250 0.687500 0.533008 2.000000
0.500000 1.093750 0.031250 0.424601 2.000000
0.468750 0.578125 0.734375 0.189417 2.000000
0.468750 0.968750 0.218750 0.407786 2.000000
