0.468750 1.125000 0.781250 0.590777 2.000000
0.484375 1.250000 0.718750 0.664057 3.000000
0.468750 1.125000 0.843750 0.575988 2.000000
0.453125 1.156250 0.875000 0.653306 3.000000
0.500000 1.109380 0.671875 0.581361 2.000000
0.500000 1.140620 0.640625 0.624607 3.000000
0.500000 1.156250 0.687500 0.616202 3.000000
0.468750 1.062500 0.812500 0.612713 3.000000
0.468750 1.140620 0.609375 0.578212 2.000000
0.468750 1.125000 0.578125 0.605178 3.000000
0.484375 1.125000 0.921875 0.548200 2.000000
0.484375 1.078120 0.953125 0.583128 3.000000
0.468750 0.921875 0.046875 0.415395 2.000000
0.484375 1.046880 0.000000 0.537572 3.000000
0.484375 0.921875 0.906250 0.474489 2.000000
0.484375 0.968750 0.906250 0.501246 3.000000
0.484375 0.875000 0.906250 0.498195 3.000000
0.468750 0.984375 0.421875 0.467753 2.000000
0.468750 0.968750 0.406250 0.491702 3.000000
0.484375 0.968750 0.546875 0.469188 2.000000
0.484375 0.953125 0.546875 0.490719 3.000000
0.484375 0.890625 0.937500 0.438658 2.000000
0.468750 0.906250 0.953125 0.468219 3.000000
0.468750 0.890625 0.000000 0.451253 3.000000
0.468750 0.937500 0.343750 0.418007 2.000000
0.468750 0.921875 0.328125 0.439834 3.000000
0.468750 0.937500 0.156250 0.415292 2.000000
0.468750 0.906250 0.156250 0.438371 3.000000
0.531250 0.531250 0.250000 0.189650 2.000000
0.531250 0.531250 0.718750 0.272360 3.000000
0.468750 0.578125 0.734375 0.189728 2.000000
0.421875 0.531250 0.734375 0.272258 3.000000
0.531250 0.531250 0.000000 0.232422 3.000000
0.421875 0.531250 0.218750 0.189608 2.000000
0.421875 0.531250 0.031250 0.232030 3.000000
0.468750 0.453125 0.000000 0.000000 0.000000
0.578125 0.078125 0.156250 0.049904 1.000000
0.734375 1.078120 0.765625 0.000645 0.000000
0.531250 1.187500 0.000000 0.028394 1.000000
0.250000 1.109380 0.562500 0.000882 0.000000
0.500000 1.187500 0.984375 0.007614 0.000000
0.453125 1.203120 0.984375 0.034154 1.000000
0.593750 1.078120 0.578125 0.015345 0.000000
0.593750 1.109380 0.578125 0.056812 1.000000
0.609375 1.093750 0.906250 0.015826 0.000000
0.609375 1.093750 0.890625 0.047001 1.000000
0.328125 1.031250 0.734375 0.016068 0.000000
0.312500 1.031250 0.750000 0.042957 1.000000
0.593750 1.125000 0.937500 0.023236 0.000000
0.625000 1.125000 0.937500 0.061076 1.000000
0.468750 1.250000 0.562500 0.023515 0.000000
0.531250 1.234380 0.546875 0.052539 1.000000
0.562500 0.890625 0.234375 0.033105 0.000000
0.578125 0.890625 0.234375 0.067531 1.000000
0.578125 1.140620 0.953125 0.036550 0.000000
0.593750 1.140620 0.953125 0.063744 1.000000
0.500000 1.187500 0.578125 0.165032 0.000000
0.515625 1.187500 0.578125 0.188087 1.000000
0.500000 1.093750 0.687500 0.578204 2.000000
0.468750 1.015620 0.890625 0.470480 2.000000
0.484375 0.578125 0.781250 0.189232 2.000000
0.484375 0.906250 0.203125 0.401410 2.000000
