0.421875 1.234380 0.718750 0.596337 2.000000
0.437500 1.265620 0.703125 0.660360 3.000000
0.468750 1.281250 0.781250 0.600057 2.000000
0.515625 1.375000 0.765625 0.649037 3.000000
0.468750 1.156250 0.843750 0.555180 2.000000
0.484375 1.281250 0.859375 0.638916 3.000000
0.468750 1.234380 0.781250 0.634074 3.000000
0.453125 1.312500 0.593750 0.567513 2.000000
0.468750 1.187500 0.546875 0.623859 3.000000
0.468750 1.203120 0.796875 0.569699 2.000000
0.453125 1.140620 0.796875 0.619528 3.000000
0.421875 1.218750 0.718750 0.618071 3.000000
0.437500 1.359380 0.593750 0.593377 3.000000
0.468750 1.031250 0.937500 0.449974 2.000000
0.453125 1.156250 0.968750 0.587046 3.000000
0.500000 1.171880 0.671875 0.556632 2.000000
0.500000 1.109380 0.656250 0.581639 3.000000
0.468750 1.046880 0.765625 0.542745 2.000000
0.468750 0.968750 0.750000 0.576756 3.000000
0.453125 1.078120 0.812500 0.544438 2.000000
0.468750 1.000000 0.828125 0.572786 3.000000
0.500000 1.109380 0.453125 0.467743 2.000000
0.468750 1.078120 0.437500 0.562797 3.000000
0.484375 0.906250 0.765625 0.519858 2.000000
0.468750 0.937500 0.796875 0.558133 3.000000
0.468750 0.906250 0.734375 0.527256 2.000000
0.468750 0.968750 0.703125 0.552565 3.000000
0.484375 1.062500 0.046875 0.454374 2.000000
0.453125 1.125000 0.000000 0.544244 3.000000
0.484375 0.890625 0.562500 0.470430 2.000000
0.468750 1.000000 0.531250 0.506264 3.000000
0.484375 1.031250 0.390625 0.451688 2.000000
0.484375 1.000000 0.375000 0.492700 3.000000
0.468750 0.921875 0.968750 0.487615 3.000000
0.500000 1.015620 0.093750 0.486786 3.000000
0.484375 0.984375 0.093750 0.432170 2.000000
0.468750 1.000000 0.109375 0.465965 3.000000
0.484375 0.890625 0.500000 0.443102 2.000000
0.468750 0.921875 0.484375 0.465573 3.000000
0.468750 1.015620 0.015625 0.428018 2.000000
0.484375 1.000000 0.000000 0.460871 3.000000
0.468750 0.968750 0.156250 0.414611 2.000000
0.484375 0.968750 0.171875 0.440744 3.000000
0.484375 0.953125 0.250000 0.411350 2.000000
0.484375 0.953125 0.218750 0.439957 3.000000
0.484375 0.578125 0.750000 0.189732 2.000000
0.531250 0.531250 0.750000 0.273221 3.000000
0.468750 0.578125 0.765625 0.190983 2.000000
0.421875 0.531250 0.718750 0.272094 3.000000
0.421875 0.531250 0.187500 0.188627 2.000000
0.421875 0.531250 0.015625 0.236251 3.000000
0.531250 0.531250 0.218750 0.184385 2.000000
0.531250 0.531250 0.000000 0.234361 3.000000
0.390625 1.984380 0.281250 0.049882 2.000000
0.515625 1.343750 0.000000 0.080461 3.000000
0.468750 0.453125 0.000000 0.000000 0.000000
0.296875 0.015625 0.421875 0.049910 1.000000
0.203125 1.187500 0.828125 0.000720 0.000000
0.562500 1.296880 0.484375 0.025290 1.000000
0.718750 1.171880 0.859375 0.000792 0.000000
0.390625 1.281250 0.937500 0.006566 0.000000
0.359375 1.281250 0.921875 0.028905 1.000000
0.640625 1.093750 0.718750 0.016563 0.000000
0.640625 1.109380 0.750000 0.040202 1.000000
0.625000 1.078120 0.687500 0.017378 0.000000
0.625000 1.093750 0.687500 0.042383 1.000000
0.390625 0.953125 0.234375 0.042501 0.000000
0.359375 0.953125 0.218750 0.079430 1.000000
0.562500 0.937500 0.234375 0.043607 0.000000
0.593750 0.953125 0.296875 0.084352 1.000000
0.515625 1.125000 0.000000 0.148945 0.000000
0.531250 1.156250 0.000000 0.244311 1.000000
0.468750 1.359380 0.734375 0.567365 2.000000
0.468750 1.359380 0.640625 0.552362 2.000000
0.484375 0.921875 0.937500 0.446105 2.000000
0.484375 0.968750 0.203125 0.410263 2.000000
