0.468750 1.140620 0.671875 0.608820 2.000000
0.468750 1.109380 0.640625 0.649942 3.000000
0.468750 1.062500 0.703125 0.645844 3.000000
0.453125 1.109380 0.843750 0.556686 2.000000
0.484375 1.109380 0.796875 0.642225 3.000000
0.468750 1.078120 0.875000 0.614992 3.000000
0.468750 1.265620 0.718750 0.540630 2.000000
0.468750 1.296880 0.718750 0.565034 3.000000
0.468750 1.031250 0.500000 0.531578 2.000000
0.468750 1.015620 0.484375 0.558726 3.000000
0.484375 0.859375 0.218750 0.396614 2.000000
0.484375 1.000000 0.000000 0.517562 3.000000
0.484375 0.843750 0.890625 0.456488 2.000000
0.484375 0.875000 0.921875 0.491821 3.000000
0.484375 0.921875 0.937500 0.440401 2.000000
0.468750 0.890625 0.968750 0.465352 3.000000
0.484375 0.906250 0.015625 0.395532 2.000000
0.484375 0.828125 0.015625 0.418199 3.000000
0.484375 0.578125 0.718750 0.190064 2.000000
0.531250 0.531250 0.750000 0.272485 3.000000
0.468750 0.578125 0.734375 0.189792 2.000000
0.421875 0.531250 0.750000 0.272220 3.000000
0.421875 0.531250 0.265625 0.187263 2.000000
0.421875 0.531250 0.000000 0.234119 3.000000
0.531250 0.531250 0.265625 0.188809 2.000000
0.531250 0.531250 0.000000 0.233136 3.000000
0.468750 0.453125 0.000000 0.000000 0.000000
0.421875 0.062500 0.203125 0.049896 1.000000
0.234375 1.046880 0.750000 0.000811 0.000000
0.343750 1.125000 0.625000 0.038619 1.000000
0.703125 1.062500 0.890625 0.000992 0.000000
0.656250 1.046880 0.734375 0.030100 1.000000
0.640625 1.046880 0.765625 0.007063 0.000000
0.578125 1.078120 0.562500 0.010664 0.000000
0.593750 1.078120 0.609375 0.054676 1.000000
0.406250 0.859375 0.234375 0.012110 0.000000
0.390625 0.859375 0.250000 0.059038 1.000000
0.593750 1.109380 0.609375 0.012401 0.000000
0.609375 1.093750 0.609375 0.042428 1.000000
0.359375 1.125000 0.609375 0.013431 0.000000
0.343750 0.984375 0.765625 0.017700 0.000000
0.343750 1.015620 0.765625 0.041908 1.000000
0.593750 1.140620 0.843750 0.018146 0.000000
0.609375 1.078120 0.812500 0.043030 1.000000
0.375000 1.140620 0.593750 0.021766 0.000000
0.375000 1.125000 0.593750 0.045049 1.000000
0.546875 0.859375 0.250000 0.022758 0.000000
0.562500 0.875000 0.187500 0.068628 1.000000
0.593750 1.046880 0.859375 0.025907 0.000000
0.593750 1.078120 0.859375 0.051220 1.000000
0.609375 1.062500 0.890625 0.026134 0.000000
0.593750 1.093750 0.937500 0.048355 1.000000
0.515625 1.078120 0.750000 0.543364 2.000000
0.484375 1.218750 0.203125 0.041622 1.000000
