0.500000 1.328120 0.703125 0.597091 2.000000
0.484375 1.296880 0.750000 0.671496 3.000000
0.484375 1.312500 0.687500 0.656507 3.000000
0.484375 1.250000 0.765625 0.563046 2.000000
0.484375 1.312500 0.828125 0.639317 3.000000
0.453125 1.312500 0.609375 0.585844 2.000000
0.468750 1.312500 0.593750 0.627942 3.000000
0.484375 1.093750 0.734375 0.577708 2.000000
0.484375 1.062500 0.734375 0.605791 3.000000
0.484375 1.203120 0.906250 0.555068 2.000000
0.484375 1.187500 0.937500 0.605088 3.000000
0.484375 1.218750 0.578125 0.552597 2.000000
0.484375 1.156250 0.515625 0.597350 3.000000
0.484375 1.265620 0.906250 0.547822 2.000000
0.500000 1.281250 0.921875 0.589911 3.000000
0.468750 0.921875 0.859375 0.503997 2.000000
0.484375 1.078120 0.890625 0.563729 3.000000
0.484375 0.984375 0.843750 0.522836 2.000000
0.484375 0.937500 0.843750 0.546184 3.000000
0.484375 1.031250 0.078125 0.437490 2.000000
0.500000 1.125000 0.015625 0.541803 3.000000
0.500000 1.453120 0.796875 0.479568 2.000000
0.515625 1.453120 0.812500 0.520500 3.000000
0.421875 1.312500 0.734375 0.469546 2.000000
0.390625 1.312500 0.750000 0.507140 3.000000
0.484375 0.875000 0.921875 0.473256 2.000000
0.468750 0.921875 0.937500 0.500948 3.000000
0.484375 1.031250 0.390625 0.458613 2.000000
0.468750 1.015620 0.375000 0.489891 3.000000
0.515625 1.437500 0.734375 0.443858 2.000000
0.515625 1.468750 0.734375 0.488215 3.000000
0.468750 0.843750 0.953125 0.442889 2.000000
0.468750 0.890625 0.984375 0.472719 3.000000
0.484375 1.015620 0.109375 0.468091 3.000000
0.468750 0.968750 0.031250 0.428552 2.000000
0.468750 0.890625 0.000000 0.456394 3.000000
0.468750 0.906250 0.031250 0.397793 2.000000
0.468750 0.890625 0.046875 0.430253 3.000000
0.468750 0.578125 0.765625 0.189599 2.000000
0.421875 0.531250 0.750000 0.272217 3.000000
0.484375 0.578125 0.750000 0.189664 2.000000
0.531250 0.531250 0.734375 0.271373 3.000000
0.531250 0.531250 0.203125 0.185254 2.000000
0.531250 0.531250 0.015625 0.236625 3.000000
0.421875 0.531250 0.234375 0.187340 2.000000
0.421875 0.531250 0.000000 0.232729 3.000000
0.515625 1.984380 0.265625 0.049846 2.000000
0.515625 1.406250 0.000000 0.073222 3.000000
0.468750 0.453125 0.000000 0.000000 0.000000
0.296875 0.031250 0.296875 0.049902 1.000000
0.765625 1.187500 0.718750 0.000817 0.000000
0.343750 0.937500 0.984375 0.035231 1.000000
0.656250 1.156250 0.750000 0.007028 0.000000
0.656250 1.171880 0.765625 0.035504 1.000000
0.593750 1.140620 0.828125 0.009544 0.000000
0.578125 1.203120 0.843750 0.038608 1.000000
0.421875 0.906250 0.953125 0.010500 0.000000
0.312500 1.093750 0.734375 0.011600 0.000000
0.296875 1.125000 0.734375 0.041538 1.000000
0.515625 0.984375 0.937500 0.027823 0.000000
0.562500 0.984375 0.953125 0.053239 1.000000
0.593750 1.171880 0.578125 0.031112 0.000000
0.625000 1.187500 0.562500 0.060266 1.000000
0.484375 1.328120 0.953125 0.041261 0.000000
0.468750 1.328120 0.953125 0.067000 1.000000
0.390625 0.953125 0.218750 0.041845 0.000000
0.359375 0.953125 0.218750 0.078365 1.000000
0.562500 0.937500 0.250000 0.046540 0.000000
0.593750 0.953125 0.265625 0.079693 1.000000
0.531250 1.281250 0.625000 0.203693 0.000000
0.546875 1.281250 0.640625 0.254638 1.000000
0.468750 0.953125 0.218750 0.409768 2.000000
