0 1
2 3
2 4
5 6
7 8
9 10
11 12
13 14
15 16
17 18
19 20
11 21
22 23
24 25
26 27
24 28
17 29
30 31
32 33
34 35
32 36
37 38
39 40
41 42
43 44
45 46
41 47
48 49
50 51
52 53
54 53
55 56
57 58
59 60
61 62
63 64
65 66
67 68
69 70
71 72
73 74
75 70
76 77
78 79
80 81
0 2
82 11
83 24
34 17
84 32
85 41
53 56
70 86
5 0
83 34
56 60
7 5
87 83
60 58
9 7
58 51
15 9
51 62
19 15
62 66
22 19
66 64
13 22
64 68
82 13
68 86
26 82
86 74
84 26
74 77
87 84
77 72
30 87
72 48
37 30
48 85
81 37
85 39
79 81
39 45
43 79
45 43
