0 1
0 2
3 4
5 6
7 8
7 9
5 10
11 12
11 13
14 15
16 17
18 19
20 21
22 23
24 25
26 27
28 29
30 31
22 32
33 34
35 36
30 37
38 39
40 41
42 43
44 45
46 47
44 48
49 50
51 52
53 54
55 54
56 57
58 59
60 61
62 63
64 61
65 66
67 68
69 70
71 72
73 72
74 75
76 77
78 79
80 81
3 0
82 7
83 5
84 11
85 22
35 30
86 44
54 59
61 87
82 3
88 35
59 57
83 82
57 52
16 83
52 66
18 16
66 70
84 18
70 72
24 84
72 68
26 24
68 75
20 26
75 63
14 20
63 87
28 14
87 86
33 28
86 46
38 33
46 42
88 38
42 49
85 88
49 79
81 85
79 77
40 81
77 40
