0.468750 1.187500 0.796875 0.613177 2.000000
0.468750 1.234380 0.812500 0.695732 3.000000
0.468750 1.312500 0.750000 0.659577 3.000000
0.515625 1.265620 0.687500 0.585783 2.000000
0.515625 1.250000 0.656250 0.618244 3.000000
0.468750 1.390620 0.703125 0.563544 2.000000
0.453125 1.390620 0.687500 0.602620 3.000000
0.484375 1.156250 0.703125 0.567621 2.000000
0.484375 1.125000 0.703125 0.601403 3.000000
0.515625 1.250000 0.921875 0.534204 2.000000
0.500000 1.156250 0.953125 0.599677 3.000000
0.500000 1.281250 0.687500 0.568226 2.000000
0.500000 1.296880 0.687500 0.597032 3.000000
0.500000 1.140620 0.515625 0.551327 2.000000
0.484375 1.187500 0.562500 0.583829 3.000000
0.484375 1.125000 0.500000 0.573460 3.000000
0.468750 1.062500 0.062500 0.493104 2.000000
0.500000 1.125000 0.000000 0.547000 3.000000
0.484375 0.968750 0.640625 0.497102 2.000000
0.484375 0.937500 0.625000 0.536119 3.000000
0.468750 1.031250 0.078125 0.523159 3.000000
0.468750 0.875000 0.593750 0.481333 2.000000
0.468750 0.890625 0.578125 0.511274 3.000000
0.484375 0.875000 0.906250 0.479718 2.000000
0.484375 0.937500 0.906250 0.504065 3.000000
0.421875 1.265620 0.718750 0.466970 2.000000
0.406250 1.296880 0.734375 0.492141 3.000000
0.484375 0.953125 0.937500 0.449900 2.000000
0.468750 0.968750 0.953125 0.489345 3.000000
0.484375 1.015620 0.000000 0.414856 2.000000
0.468750 0.968750 0.000000 0.469194 3.000000
0.484375 0.906250 0.390625 0.390036 2.000000
0.468750 0.875000 0.437500 0.418280 3.000000
0.484375 0.578125 0.781250 0.190012 2.000000
0.531250 0.531250 0.718750 0.272527 3.000000
0.468750 0.578125 0.734375 0.190004 2.000000
0.421875 0.531250 0.734375 0.272373 3.000000
0.531250 0.531250 0.250000 0.189220 2.000000
0.531250 0.531250 0.000000 0.232182 3.000000
0.421875 0.531250 0.203125 0.187274 2.000000
0.421875 0.531250 0.000000 0.231930 3.000000
0.468750 0.453125 0.000000 0.000000 0.000000
0.593750 0.109375 0.140625 0.049907 1.000000
0.750000 1.140620 0.750000 0.000557 0.000000
0.359375 0.968750 0.484375 0.036782 1.000000
0.421875 1.328120 0.562500 0.009520 0.000000
0.359375 1.312500 0.546875 0.045871 1.000000
0.406250 0.968750 0.515625 0.013521 0.000000
0.625000 1.156250 0.921875 0.025332 0.000000
0.640625 1.156250 0.890625 0.047055 1.000000
0.562500 0.921875 0.250000 0.041378 0.000000
0.593750 0.937500 0.234375 0.069837 1.000000
0.390625 0.937500 0.250000 0.045723 0.000000
0.359375 0.937500 0.265625 0.073497 1.000000
0.531250 1.250000 0.875000 0.104599 0.000000
0.546875 1.250000 0.859375 0.129931 1.000000
0.437500 1.125000 0.000000 0.223552 0.000000
0.421875 1.125000 0.000000 0.258012 1.000000
0.484375 1.203120 0.625000 0.524708 2.000000
0.468750 0.921875 0.203125 0.399243 2.000000
