0.453125 1.125000 0.828125 0.564942 2.000000
0.468750 1.109380 0.859375 0.651866 3.000000
0.484375 1.203120 0.750000 0.594739 2.000000
0.468750 1.156250 0.812500 0.643283 3.000000
0.468750 1.187500 0.703125 0.609021 2.000000
0.468750 1.171880 0.718750 0.637227 3.000000
0.484375 1.156250 0.671875 0.635691 3.000000
0.468750 1.046880 0.796875 0.544171 2.000000
0.468750 1.000000 0.765625 0.574126 3.000000
0.484375 1.078120 0.937500 0.528579 2.000000
0.484375 1.062500 0.953125 0.573143 3.000000
0.484375 1.187500 0.609375 0.532745 2.000000
0.484375 1.218750 0.578125 0.558785 3.000000
0.468750 0.875000 0.250000 0.395015 2.000000
0.453125 1.031250 0.000000 0.551594 3.000000
0.468750 0.906250 0.812500 0.496871 2.000000
0.468750 0.890625 0.828125 0.527190 3.000000
0.468750 0.890625 0.796875 0.483913 2.000000
0.468750 0.843750 0.796875 0.506572 3.000000
0.468750 0.875000 0.531250 0.448019 2.000000
0.484375 0.875000 0.515625 0.481316 3.000000
0.468750 0.937500 0.000000 0.394551 2.000000
0.484375 0.890625 0.000000 0.433828 3.000000
0.484375 0.578125 0.750000 0.189466 2.000000
0.531250 0.531250 0.750000 0.273589 3.000000
0.468750 0.578125 0.765625 0.191193 2.000000
0.421875 0.531250 0.750000 0.271858 3.000000
0.421875 0.531250 0.234375 0.186972 2.000000
0.421875 0.531250 0.015625 0.236507 3.000000
0.531250 0.531250 0.218750 0.184859 2.000000
0.531250 0.531250 0.000000 0.234602 3.000000
0.468750 0.453125 0.000000 0.000000 0.000000
0.718750 0.218750 0.187500 0.049910 1.000000
0.703125 1.078120 0.906250 0.001047 0.000000
0.453125 1.203120 0.531250 0.033831 1.000000
0.312500 0.890625 0.234375 0.001208 0.000000
0.593750 1.125000 0.843750 0.008439 0.000000
0.593750 1.093750 0.843750 0.034619 1.000000
0.562500 1.156250 0.953125 0.012156 0.000000
0.562500 1.156250 0.968750 0.045082 1.000000
0.359375 1.171880 0.609375 0.019968 0.000000
0.343750 1.140620 0.609375 0.049397 1.000000
0.609375 1.015620 0.687500 0.023239 0.000000
0.625000 1.046880 0.703125 0.045299 1.000000
0.406250 0.875000 0.218750 0.026590 0.000000
0.390625 0.875000 0.203125 0.069028 1.000000
0.546875 0.875000 0.250000 0.037898 0.000000
0.578125 0.875000 0.234375 0.069923 1.000000
