0 1
2 3
0 4
5 6
7 8
9 10
11 12
13 14
15 16
17 18
19 20
21 22
21 23
24 25
26 27
28 29
30 31
17 32
30 33
34 35
36 37
38 39
34 40
41 42
43 44
45 46
47 48
47 49
50 51
52 53
54 55
56 55
57 58
59 60
61 62
63 64
65 66
67 68
69 70
71 72
73 74
75 76
77 78
79 80
81 82
83 84
85 86
87 88
5 0
89 21
90 17
24 30
91 34
92 47
55 60
2 5
38 24
60 58
7 2
91 38
58 62
11 7
93 91
62 68
19 11
68 53
89 19
53 64
26 89
64 66
13 26
66 70
15 13
70 76
9 15
76 72
36 9
72 78
28 36
78 74
90 28
74 80
93 90
80 50
41 93
50 92
88 41
92 45
43 88
45 84
82 43
84 86
86 82
