64.000000 124.000000 0.000000 0.336823 2.000000
66.000000 140.000000 0.000000 0.771260 3.000000
63.000000 113.000000 0.000000 0.591841 2.000000
64.000000 113.000000 0.000000 0.633972 3.000000
63.000000 112.000000 0.000000 0.626048 3.000000
63.000000 109.000000 0.000000 0.566977 2.000000
62.000000 106.000000 0.000000 0.592289 3.000000
64.000000 54.000000 0.000000 0.205248 2.000000
67.000000 51.000000 0.000000 0.337384 3.000000
61.000000 53.000000 0.000000 0.178009 2.000000
58.000000 51.000000 0.000000 0.336043 3.000000
63.000000 37.000000 0.000000 0.000000 0.000000
32.000000 0.000000 0.000000 0.050048 1.000000
105.000000 136.000000 0.000000 0.000420 0.000000
91.000000 0.000000 0.000000 0.050075 1.000000
29.000000 139.000000 0.000000 0.000683 0.000000
46.000000 117.000000 0.000000 0.037081 1.000000
53.000000 118.000000 0.000000 0.005159 0.000000
71.000000 114.000000 0.000000 0.009511 0.000000
77.000000 112.000000 0.000000 0.058381 1.000000
57.000000 117.000000 0.000000 0.019174 0.000000
55.000000 117.000000 0.000000 0.045564 1.000000
75.000000 138.000000 0.000000 0.020422 0.000000
79.000000 137.000000 0.000000 0.168759 1.000000
55.000000 142.000000 0.000000 0.030292 0.000000
51.000000 141.000000 0.000000 0.160864 1.000000
