66.000000 142.000000 0.000000 0.368750 2.000000
68.000000 158.000000 0.000000 0.777672 3.000000
64.000000 120.000000 0.000000 0.476808 2.000000
63.000000 128.000000 0.000000 0.643988 3.000000
62.000000 108.000000 0.000000 0.561556 2.000000
63.000000 107.000000 0.000000 0.603467 3.000000
62.000000 109.000000 0.000000 0.599106 3.000000
64.000000 54.000000 0.000000 0.205189 2.000000
67.000000 51.000000 0.000000 0.338457 3.000000
61.000000 53.000000 0.000000 0.178193 2.000000
58.000000 51.000000 0.000000 0.335358 3.000000
63.000000 37.000000 0.000000 0.000000 0.000000
43.000000 0.000000 0.000000 0.050007 1.000000
27.000000 156.000000 0.000000 0.000088 0.000000
126.000000 161.000000 0.000000 0.000305 0.000000
92.000000 0.000000 0.000000 0.050053 1.000000
74.000000 131.000000 0.000000 0.004575 0.000000
82.000000 128.000000 0.000000 0.055526 1.000000
79.000000 155.000000 0.000000 0.019305 0.000000
83.000000 153.000000 0.000000 0.197848 1.000000
58.000000 109.000000 0.000000 0.025696 0.000000
57.000000 110.000000 0.000000 0.054442 1.000000
57.000000 160.000000 0.000000 0.026856 0.000000
53.000000 158.000000 0.000000 0.157073 1.000000
57.000000 129.000000 0.000000 0.029409 0.000000
56.000000 129.000000 0.000000 0.053996 1.000000
67.000000 117.000000 0.000000 0.045449 0.000000
72.000000 116.000000 0.000000 0.081487 1.000000
