65.000000 114.000000 0.000000 0.422101 2.000000
60.000000 129.000000 0.000000 0.775726 3.000000
62.000000 101.000000 0.000000 0.599468 3.000000
61.000000 53.000000 0.000000 0.178350 2.000000
58.000000 51.000000 0.000000 0.337326 3.000000
64.000000 54.000000 0.000000 0.204333 2.000000
67.000000 51.000000 0.000000 0.336152 3.000000
63.000000 37.000000 0.000000 0.000000 0.000000
95.000000 0.000000 0.000000 0.050035 1.000000
94.000000 129.000000 0.000000 0.000124 0.000000
76.000000 108.000000 0.000000 0.048373 1.000000
26.000000 126.000000 0.000000 0.000872 0.000000
54.000000 0.000000 0.000000 0.050064 1.000000
51.000000 127.000000 0.000000 0.012410 0.000000
48.000000 129.000000 0.000000 0.155904 1.000000
70.000000 110.000000 0.000000 0.013931 0.000000
71.000000 131.000000 0.000000 0.023829 0.000000
74.000000 131.000000 0.000000 0.159520 1.000000
58.000000 102.000000 0.000000 0.033352 0.000000
54.000000 100.000000 0.000000 0.063369 1.000000
