60.000000 130.000000 0.000000 0.322649 2.000000
58.000000 147.000000 0.000000 0.767219 3.000000
63.000000 111.000000 0.000000 0.541435 2.000000
61.000000 120.000000 0.000000 0.685510 3.000000
62.000000 102.000000 0.000000 0.554073 2.000000
62.000000 99.000000 0.000000 0.593131 3.000000
63.000000 103.000000 0.000000 0.582923 3.000000
61.000000 53.000000 0.000000 0.180412 2.000000
58.000000 51.000000 0.000000 0.339363 3.000000
64.000000 54.000000 0.000000 0.203277 2.000000
67.000000 51.000000 0.000000 0.337514 3.000000
63.000000 37.000000 0.000000 0.000000 0.000000
77.000000 0.000000 0.000000 0.049990 1.000000
97.000000 146.000000 0.000000 0.000337 0.000000
76.000000 100.000000 0.000000 0.037145 1.000000
14.000000 142.000000 0.000000 0.000465 0.000000
52.000000 0.000000 0.000000 0.050030 1.000000
67.000000 103.000000 0.000000 0.005138 0.000000
56.000000 120.000000 0.000000 0.007164 0.000000
49.000000 118.000000 0.000000 0.066428 1.000000
48.000000 145.000000 0.000000 0.019792 0.000000
44.000000 146.000000 0.000000 0.176086 1.000000
69.000000 150.000000 0.000000 0.028255 0.000000
74.000000 148.000000 0.000000 0.163955 1.000000
68.000000 121.000000 0.000000 0.048473 0.000000
70.000000 120.000000 0.000000 0.088740 1.000000
