60.000000 148.000000 0.000000 0.530036 2.000000
59.000000 162.000000 0.000000 0.738586 3.000000
63.000000 142.000000 0.000000 0.630654 3.000000
62.000000 102.000000 0.000000 0.559471 2.000000
62.000000 112.000000 0.000000 0.617082 3.000000
62.000000 96.000000 0.000000 0.590127 3.000000
61.000000 53.000000 0.000000 0.181417 2.000000
58.000000 51.000000 0.000000 0.340703 3.000000
64.000000 54.000000 0.000000 0.203743 2.000000
67.000000 51.000000 0.000000 0.338191 3.000000
63.000000 37.000000 0.000000 0.000000 0.000000
79.000000 0.000000 0.000000 0.050021 1.000000
103.000000 159.000000 0.000000 0.000284 0.000000
79.000000 135.000000 0.000000 0.031543 1.000000
0.000000 140.000000 0.000000 0.001157 0.000000
23.000000 0.000000 0.000000 0.050050 1.000000
70.000000 136.000000 0.000000 0.001651 0.000000
53.000000 121.000000 0.000000 0.010158 0.000000
45.000000 118.000000 0.000000 0.050541 1.000000
46.000000 159.000000 0.000000 0.017297 0.000000
41.000000 163.000000 0.000000 0.211289 1.000000
56.000000 121.000000 0.000000 0.028854 0.000000
55.000000 121.000000 0.000000 0.054842 1.000000
69.000000 165.000000 0.000000 0.029541 0.000000
73.000000 161.000000 0.000000 0.159163 1.000000
68.000000 114.000000 0.000000 0.044868 0.000000
70.000000 115.000000 0.000000 0.101246 1.000000
56.000000 141.000000 0.000000 0.069678 0.000000
51.000000 139.000000 0.000000 0.133480 1.000000
59.000000 127.000000 0.000000 0.311421 2.000000
