60.000000 118.000000 0.000000 0.360960 2.000000
65.000000 134.000000 0.000000 0.785747 3.000000
62.000000 101.000000 0.000000 0.589096 3.000000
64.000000 54.000000 0.000000 0.205418 2.000000
67.000000 51.000000 0.000000 0.337204 3.000000
61.000000 53.000000 0.000000 0.177967 2.000000
58.000000 51.000000 0.000000 0.336030 3.000000
63.000000 37.000000 0.000000 0.000000 0.000000
30.000000 0.000000 0.000000 0.050014 1.000000
30.000000 133.000000 0.000000 0.000546 0.000000
101.000000 130.000000 0.000000 0.000816 0.000000
72.000000 0.000000 0.000000 0.050048 1.000000
56.000000 114.000000 0.000000 0.007187 0.000000
51.000000 113.000000 0.000000 0.054419 1.000000
74.000000 132.000000 0.000000 0.011665 0.000000
77.000000 133.000000 0.000000 0.159480 1.000000
68.000000 107.000000 0.000000 0.013306 0.000000
75.000000 105.000000 0.000000 0.059172 1.000000
54.000000 135.000000 0.000000 0.016767 0.000000
51.000000 134.000000 0.000000 0.158073 1.000000
