64.000000 126.000000 0.000000 0.315687 2.000000
67.000000 144.000000 0.000000 0.761746 3.000000
63.000000 111.000000 0.000000 0.546380 2.000000
64.000000 114.000000 0.000000 0.606894 3.000000
62.000000 102.000000 0.000000 0.565285 2.000000
62.000000 104.000000 0.000000 0.595530 3.000000
63.000000 99.000000 0.000000 0.594349 3.000000
64.000000 54.000000 0.000000 0.203832 2.000000
67.000000 51.000000 0.000000 0.338892 3.000000
61.000000 53.000000 0.000000 0.179960 2.000000
58.000000 51.000000 0.000000 0.337669 3.000000
63.000000 37.000000 0.000000 0.000000 0.000000
40.000000 0.000000 0.000000 0.050037 1.000000
108.000000 139.000000 0.000000 0.000234 0.000000
91.000000 0.000000 0.000000 0.050076 1.000000
28.000000 142.000000 0.000000 0.000360 0.000000
41.000000 120.000000 0.000000 0.028883 1.000000
50.000000 120.000000 0.000000 0.001590 0.000000
55.000000 146.000000 0.000000 0.009941 0.000000
51.000000 144.000000 0.000000 0.164087 1.000000
76.000000 141.000000 0.000000 0.012157 0.000000
79.000000 142.000000 0.000000 0.171112 1.000000
70.000000 115.000000 0.000000 0.015714 0.000000
76.000000 113.000000 0.000000 0.061564 1.000000
56.000000 119.000000 0.000000 0.038964 0.000000
55.000000 119.000000 0.000000 0.070861 1.000000
