65.000000 117.000000 0.000000 0.360777 2.000000
60.000000 133.000000 0.000000 0.785319 3.000000
62.000000 104.000000 0.000000 0.612365 3.000000
61.000000 53.000000 0.000000 0.178575 2.000000
58.000000 51.000000 0.000000 0.337419 3.000000
64.000000 54.000000 0.000000 0.204526 2.000000
67.000000 51.000000 0.000000 0.335942 3.000000
63.000000 37.000000 0.000000 0.000000 0.000000
33.000000 0.000000 0.000000 0.050037 1.000000
24.000000 130.000000 0.000000 0.000688 0.000000
94.000000 133.000000 0.000000 0.000791 0.000000
77.000000 111.000000 0.000000 0.042911 1.000000
71.000000 112.000000 0.000000 0.013284 0.000000
57.000000 106.000000 0.000000 0.020179 0.000000
53.000000 103.000000 0.000000 0.063936 1.000000
70.000000 135.000000 0.000000 0.020216 0.000000
74.000000 134.000000 0.000000 0.155007 1.000000
50.000000 132.000000 0.000000 0.029176 0.000000
47.000000 132.000000 0.000000 0.163653 1.000000
88.000000 0.000000 0.000000 0.050041 1.000000
