59.000000 149.000000 0.000000 0.521952 2.000000
58.000000 163.000000 0.000000 0.747941 3.000000
61.000000 140.000000 0.000000 0.702693 3.000000
62.000000 104.000000 0.000000 0.579874 2.000000
61.000000 105.000000 0.000000 0.610476 3.000000
62.000000 102.000000 0.000000 0.607593 3.000000
60.000000 106.000000 0.000000 0.569673 2.000000
60.000000 107.000000 0.000000 0.596126 3.000000
62.000000 114.000000 0.000000 0.482939 2.000000
65.000000 116.000000 0.000000 0.521394 3.000000
61.000000 53.000000 0.000000 0.181745 2.000000
58.000000 51.000000 0.000000 0.340984 3.000000
64.000000 54.000000 0.000000 0.203426 2.000000
67.000000 51.000000 0.000000 0.337749 3.000000
66.000000 122.000000 0.000000 0.310027 2.000000
64.000000 124.000000 0.000000 0.337396 3.000000
63.000000 37.000000 0.000000 0.000000 0.000000
91.000000 0.000000 0.000000 0.049986 1.000000
103.000000 161.000000 0.000000 0.000543 0.000000
75.000000 138.000000 0.000000 0.048296 1.000000
0.000000 172.000000 0.000000 0.001312 0.000000
41.000000 101.000000 0.000000 0.039452 1.000000
53.000000 106.000000 0.000000 0.006026 0.000000
68.000000 139.000000 0.000000 0.006303 0.000000
69.000000 165.000000 0.000000 0.010536 0.000000
73.000000 161.000000 0.000000 0.160135 1.000000
57.000000 123.000000 0.000000 0.013118 0.000000
50.000000 122.000000 0.000000 0.069129 1.000000
69.000000 114.000000 0.000000 0.029755 0.000000
72.000000 115.000000 0.000000 0.124900 1.000000
46.000000 159.000000 0.000000 0.032989 0.000000
40.000000 162.000000 0.000000 0.209199 1.000000
55.000000 140.000000 0.000000 0.046904 0.000000
49.000000 137.000000 0.000000 0.099609 1.000000
60.000000 126.000000 0.000000 0.275732 2.000000
42.000000 0.000000 0.000000 0.050063 1.000000
