65.000000 138.000000 0.000000 0.380295 2.000000
67.000000 153.000000 0.000000 0.764293 3.000000
61.000000 113.000000 0.000000 0.530197 2.000000
63.000000 126.000000 0.000000 0.717179 3.000000
63.000000 105.000000 0.000000 0.608206 3.000000
64.000000 54.000000 0.000000 0.203944 2.000000
67.000000 51.000000 0.000000 0.340523 3.000000
61.000000 53.000000 0.000000 0.181836 2.000000
58.000000 51.000000 0.000000 0.338216 3.000000
63.000000 37.000000 0.000000 0.000000 0.000000
44.000000 0.000000 0.000000 0.050005 1.000000
122.000000 147.000000 0.000000 0.000100 0.000000
113.000000 0.000000 0.000000 0.050053 1.000000
27.000000 152.000000 0.000000 0.000280 0.000000
47.000000 107.000000 0.000000 0.034338 1.000000
56.000000 156.000000 0.000000 0.006250 0.000000
52.000000 154.000000 0.000000 0.158885 1.000000
56.000000 108.000000 0.000000 0.008072 0.000000
78.000000 151.000000 0.000000 0.011010 0.000000
82.000000 150.000000 0.000000 0.194105 1.000000
71.000000 129.000000 0.000000 0.014988 0.000000
77.000000 126.000000 0.000000 0.073584 1.000000
57.000000 126.000000 0.000000 0.034912 0.000000
55.000000 126.000000 0.000000 0.084204 1.000000
