66.000000 138.000000 0.000000 0.350473 2.000000
67.000000 154.000000 0.000000 0.780060 3.000000
63.000000 113.000000 0.000000 0.525482 2.000000
63.000000 126.000000 0.000000 0.642358 3.000000
63.000000 104.000000 0.000000 0.602344 3.000000
64.000000 54.000000 0.000000 0.205095 2.000000
67.000000 51.000000 0.000000 0.338285 3.000000
61.000000 53.000000 0.000000 0.178229 2.000000
58.000000 51.000000 0.000000 0.335479 3.000000
63.000000 37.000000 0.000000 0.000000 0.000000
40.000000 0.000000 0.000000 0.050010 1.000000
122.000000 148.000000 0.000000 0.000152 0.000000
86.000000 0.000000 0.000000 0.050040 1.000000
28.000000 153.000000 0.000000 0.000470 0.000000
46.000000 105.000000 0.000000 0.032633 1.000000
56.000000 106.000000 0.000000 0.007825 0.000000
78.000000 152.000000 0.000000 0.008288 0.000000
82.000000 154.000000 0.000000 0.192911 1.000000
74.000000 127.000000 0.000000 0.017524 0.000000
82.000000 125.000000 0.000000 0.053030 1.000000
57.000000 126.000000 0.000000 0.022760 0.000000
56.000000 125.000000 0.000000 0.051841 1.000000
56.000000 157.000000 0.000000 0.026093 0.000000
52.000000 154.000000 0.000000 0.158462 1.000000
67.000000 114.000000 0.000000 0.060173 0.000000
70.000000 112.000000 0.000000 0.086414 1.000000
