64.000000 121.000000 0.000000 0.338921 2.000000
65.000000 137.000000 0.000000 0.786982 3.000000
62.000000 104.000000 0.000000 0.605543 3.000000
64.000000 54.000000 0.000000 0.205343 2.000000
67.000000 51.000000 0.000000 0.337286 3.000000
61.000000 53.000000 0.000000 0.177961 2.000000
58.000000 51.000000 0.000000 0.336114 3.000000
63.000000 37.000000 0.000000 0.000000 0.000000
32.000000 0.000000 0.000000 0.050025 1.000000
29.000000 136.000000 0.000000 0.000224 0.000000
53.000000 101.000000 0.000000 0.044217 1.000000
102.000000 133.000000 0.000000 0.000683 0.000000
72.000000 0.000000 0.000000 0.050039 1.000000
55.000000 117.000000 0.000000 0.007612 0.000000
49.000000 115.000000 0.000000 0.048754 1.000000
71.000000 111.000000 0.000000 0.015793 0.000000
76.000000 108.000000 0.000000 0.055638 1.000000
58.000000 103.000000 0.000000 0.017643 0.000000
54.000000 139.000000 0.000000 0.018086 0.000000
51.000000 138.000000 0.000000 0.160183 1.000000
74.000000 135.000000 0.000000 0.037108 0.000000
77.000000 133.000000 0.000000 0.165987 1.000000
