60.000000 114.000000 0.000000 0.390225 2.000000
64.000000 129.000000 0.000000 0.778264 3.000000
63.000000 102.000000 0.000000 0.592975 3.000000
64.000000 54.000000 0.000000 0.205305 2.000000
67.000000 51.000000 0.000000 0.337348 3.000000
61.000000 53.000000 0.000000 0.177915 2.000000
58.000000 51.000000 0.000000 0.335987 3.000000
63.000000 37.000000 0.000000 0.000000 0.000000
30.000000 0.000000 0.000000 0.050024 1.000000
31.000000 129.000000 0.000000 0.000900 0.000000
99.000000 126.000000 0.000000 0.001349 0.000000
100.000000 0.000000 0.000000 0.050033 1.000000
74.000000 127.000000 0.000000 0.009867 0.000000
77.000000 129.000000 0.000000 0.159832 1.000000
56.000000 110.000000 0.000000 0.016059 0.000000
51.000000 109.000000 0.000000 0.052120 1.000000
68.000000 104.000000 0.000000 0.019799 0.000000
73.000000 101.000000 0.000000 0.060771 1.000000
54.000000 131.000000 0.000000 0.032324 0.000000
51.000000 129.000000 0.000000 0.150980 1.000000
