60.000000 126.000000 0.000000 0.336470 2.000000
59.000000 143.000000 0.000000 0.768556 3.000000
61.000000 117.000000 0.000000 0.650963 3.000000
61.000000 53.000000 0.000000 0.178463 2.000000
58.000000 51.000000 0.000000 0.337553 3.000000
64.000000 54.000000 0.000000 0.204669 2.000000
67.000000 51.000000 0.000000 0.336233 3.000000
63.000000 37.000000 0.000000 0.000000 0.000000
95.000000 0.000000 0.000000 0.050016 1.000000
18.000000 139.000000 0.000000 0.000154 0.000000
36.000000 0.000000 0.000000 0.050054 1.000000
97.000000 143.000000 0.000000 0.000951 0.000000
81.000000 119.000000 0.000000 0.034015 1.000000
73.000000 120.000000 0.000000 0.004775 0.000000
54.000000 117.000000 0.000000 0.015514 0.000000
47.000000 115.000000 0.000000 0.056816 1.000000
70.000000 146.000000 0.000000 0.020054 0.000000
74.000000 145.000000 0.000000 0.167892 1.000000
49.000000 142.000000 0.000000 0.024391 0.000000
46.000000 143.000000 0.000000 0.171192 1.000000
