65.000000 136.000000 0.000000 0.327096 2.000000
68.000000 154.000000 0.000000 0.753372 3.000000
63.000000 115.000000 0.000000 0.494609 2.000000
62.000000 125.000000 0.000000 0.702185 3.000000
64.000000 102.000000 0.000000 0.543056 2.000000
63.000000 104.000000 0.000000 0.586036 3.000000
63.000000 94.000000 0.000000 0.578016 3.000000
64.000000 54.000000 0.000000 0.204564 2.000000
67.000000 51.000000 0.000000 0.340380 3.000000
61.000000 53.000000 0.000000 0.181373 2.000000
58.000000 51.000000 0.000000 0.338272 3.000000
63.000000 37.000000 0.000000 0.000000 0.000000
41.000000 0.000000 0.000000 0.050042 1.000000
118.000000 148.000000 0.000000 0.000168 0.000000
80.000000 0.000000 0.000000 0.050062 1.000000
26.000000 153.000000 0.000000 0.000696 0.000000
45.000000 107.000000 0.000000 0.032564 1.000000
55.000000 107.000000 0.000000 0.002213 0.000000
69.000000 125.000000 0.000000 0.017053 0.000000
80.000000 124.000000 0.000000 0.056956 1.000000
56.000000 125.000000 0.000000 0.019906 0.000000
55.000000 125.000000 0.000000 0.087476 1.000000
78.000000 152.000000 0.000000 0.028800 0.000000
81.000000 153.000000 0.000000 0.185764 1.000000
56.000000 157.000000 0.000000 0.031421 0.000000
51.000000 154.000000 0.000000 0.170217 1.000000
