60.000000 113.000000 0.000000 0.394669 2.000000
65.000000 131.000000 0.000000 0.788640 3.000000
63.000000 101.000000 0.000000 0.596175 3.000000
64.000000 54.000000 0.000000 0.205263 2.000000
67.000000 51.000000 0.000000 0.337287 3.000000
61.000000 53.000000 0.000000 0.177961 2.000000
58.000000 51.000000 0.000000 0.336008 3.000000
63.000000 37.000000 0.000000 0.000000 0.000000
43.000000 0.000000 0.000000 0.050046 1.000000
32.000000 129.000000 0.000000 0.000726 0.000000
50.000000 109.000000 0.000000 0.048685 1.000000
56.000000 110.000000 0.000000 0.000814 0.000000
57.000000 109.000000 0.000000 0.042411 1.000000
100.000000 127.000000 0.000000 0.000959 0.000000
76.000000 0.000000 0.000000 0.050049 1.000000
58.000000 109.000000 0.000000 0.013416 0.000000
68.000000 103.000000 0.000000 0.013919 0.000000
73.000000 101.000000 0.000000 0.060701 1.000000
74.000000 129.000000 0.000000 0.015195 0.000000
78.000000 128.000000 0.000000 0.161342 1.000000
55.000000 132.000000 0.000000 0.018653 0.000000
52.000000 130.000000 0.000000 0.144843 1.000000
