65.000000 127.000000 0.000000 0.365360 2.000000
65.000000 143.000000 0.000000 0.768913 3.000000
62.000000 114.000000 0.000000 0.573790 2.000000
64.000000 117.000000 0.000000 0.616285 3.000000
62.000000 111.000000 0.000000 0.600997 3.000000
62.000000 98.000000 0.000000 0.550492 2.000000
63.000000 95.000000 0.000000 0.575818 3.000000
64.000000 54.000000 0.000000 0.205152 2.000000
67.000000 51.000000 0.000000 0.337430 3.000000
61.000000 53.000000 0.000000 0.178012 2.000000
58.000000 51.000000 0.000000 0.336280 3.000000
63.000000 37.000000 0.000000 0.000000 0.000000
32.000000 0.000000 0.000000 0.050031 1.000000
27.000000 142.000000 0.000000 0.000280 0.000000
46.000000 120.000000 0.000000 0.038791 1.000000
107.000000 139.000000 0.000000 0.000368 0.000000
94.000000 0.000000 0.000000 0.050059 1.000000
53.000000 122.000000 0.000000 0.009433 0.000000
72.000000 117.000000 0.000000 0.015045 0.000000
79.000000 115.000000 0.000000 0.053018 1.000000
69.000000 116.000000 0.000000 0.026158 0.000000
70.000000 116.000000 0.000000 0.055418 1.000000
75.000000 141.000000 0.000000 0.027577 0.000000
79.000000 142.000000 0.000000 0.174945 1.000000
54.000000 145.000000 0.000000 0.027609 0.000000
50.000000 144.000000 0.000000 0.159315 1.000000
