64.000000 123.000000 0.000000 0.284275 2.000000
67.000000 141.000000 0.000000 0.779647 3.000000
62.000000 98.000000 0.000000 0.547424 2.000000
64.000000 112.000000 0.000000 0.638152 3.000000
63.000000 94.000000 0.000000 0.575988 3.000000
64.000000 54.000000 0.000000 0.205217 2.000000
67.000000 51.000000 0.000000 0.337590 3.000000
61.000000 53.000000 0.000000 0.177962 2.000000
58.000000 51.000000 0.000000 0.336079 3.000000
63.000000 37.000000 0.000000 0.000000 0.000000
40.000000 0.000000 0.000000 0.050013 1.000000
30.000000 140.000000 0.000000 0.000109 0.000000
106.000000 137.000000 0.000000 0.000405 0.000000
82.000000 0.000000 0.000000 0.050049 1.000000
68.000000 112.000000 0.000000 0.013654 0.000000
76.000000 110.000000 0.000000 0.059378 1.000000
55.000000 143.000000 0.000000 0.018534 0.000000
52.000000 142.000000 0.000000 0.164123 1.000000
76.000000 139.000000 0.000000 0.020690 0.000000
79.000000 140.000000 0.000000 0.168596 1.000000
57.000000 115.000000 0.000000 0.037853 0.000000
55.000000 115.000000 0.000000 0.075435 1.000000
