58.000000 119.000000 0.000000 0.297212 2.000000
66.000000 137.000000 0.000000 0.789714 3.000000
63.000000 106.000000 0.000000 0.617779 3.000000
64.000000 54.000000 0.000000 0.205277 2.000000
67.000000 51.000000 0.000000 0.337454 3.000000
61.000000 53.000000 0.000000 0.177886 2.000000
58.000000 51.000000 0.000000 0.335984 3.000000
63.000000 37.000000 0.000000 0.000000 0.000000
32.000000 0.000000 0.000000 0.050010 1.000000
104.000000 134.000000 0.000000 0.000738 0.000000
80.000000 0.000000 0.000000 0.050042 1.000000
31.000000 136.000000 0.000000 0.000973 0.000000
44.000000 114.000000 0.000000 0.033629 1.000000
52.000000 114.000000 0.000000 0.005580 0.000000
57.000000 113.000000 0.000000 0.007417 0.000000
56.000000 114.000000 0.000000 0.073799 1.000000
68.000000 109.000000 0.000000 0.008879 0.000000
74.000000 106.000000 0.000000 0.060569 1.000000
55.000000 139.000000 0.000000 0.010197 0.000000
52.000000 138.000000 0.000000 0.160040 1.000000
75.000000 135.000000 0.000000 0.015018 0.000000
79.000000 135.000000 0.000000 0.164137 1.000000
