64.000000 123.000000 0.000000 0.302323 2.000000
66.000000 141.000000 0.000000 0.790067 3.000000
64.000000 112.000000 0.000000 0.614213 2.000000
64.000000 113.000000 0.000000 0.643889 3.000000
63.000000 111.000000 0.000000 0.642442 3.000000
64.000000 54.000000 0.000000 0.205326 2.000000
67.000000 51.000000 0.000000 0.337770 3.000000
61.000000 53.000000 0.000000 0.177942 2.000000
58.000000 51.000000 0.000000 0.336031 3.000000
63.000000 37.000000 0.000000 0.000000 0.000000
82.000000 0.000000 0.000000 0.050035 1.000000
106.000000 137.000000 0.000000 0.000635 0.000000
30.000000 140.000000 0.000000 0.000724 0.000000
44.000000 116.000000 0.000000 0.033546 1.000000
55.000000 143.000000 0.000000 0.002989 0.000000
52.000000 142.000000 0.000000 0.161198 1.000000
52.000000 117.000000 0.000000 0.006415 0.000000
70.000000 114.000000 0.000000 0.018708 0.000000
77.000000 111.000000 0.000000 0.058286 1.000000
76.000000 139.000000 0.000000 0.036998 0.000000
79.000000 139.000000 0.000000 0.170374 1.000000
42.000000 0.000000 0.000000 0.050038 1.000000
