65.000000 137.000000 0.000000 0.328954 2.000000
68.000000 154.000000 0.000000 0.769954 3.000000
61.000000 115.000000 0.000000 0.539564 2.000000
64.000000 125.000000 0.000000 0.669488 3.000000
62.000000 108.000000 0.000000 0.572135 2.000000
63.000000 106.000000 0.000000 0.600253 3.000000
62.000000 110.000000 0.000000 0.598072 3.000000
64.000000 54.000000 0.000000 0.203555 2.000000
67.000000 51.000000 0.000000 0.339982 3.000000
61.000000 53.000000 0.000000 0.180893 2.000000
58.000000 51.000000 0.000000 0.337787 3.000000
63.000000 37.000000 0.000000 0.000000 0.000000
38.000000 0.000000 0.000000 0.050032 1.000000
122.000000 149.000000 0.000000 0.000163 0.000000
96.000000 0.000000 0.000000 0.050062 1.000000
27.000000 153.000000 0.000000 0.000700 0.000000
50.000000 111.000000 0.000000 0.032738 1.000000
56.000000 111.000000 0.000000 0.006035 0.000000
78.000000 151.000000 0.000000 0.018044 0.000000
82.000000 150.000000 0.000000 0.189145 1.000000
72.000000 127.000000 0.000000 0.023281 0.000000
80.000000 125.000000 0.000000 0.060692 1.000000
57.000000 157.000000 0.000000 0.033018 0.000000
52.000000 155.000000 0.000000 0.165025 1.000000
56.000000 125.000000 0.000000 0.035767 0.000000
55.000000 124.000000 0.000000 0.084926 1.000000
