66.000000 143.000000 0.000000 0.447504 2.000000
66.000000 157.000000 0.000000 0.766521 3.000000
64.000000 120.000000 0.000000 0.456591 2.000000
63.000000 133.000000 0.000000 0.641063 3.000000
62.000000 108.000000 0.000000 0.574041 2.000000
62.000000 109.000000 0.000000 0.604510 3.000000
63.000000 107.000000 0.000000 0.602159 3.000000
64.000000 98.000000 0.000000 0.551191 2.000000
63.000000 94.000000 0.000000 0.577674 3.000000
62.000000 116.000000 0.000000 0.459817 2.000000
63.000000 118.000000 0.000000 0.485075 3.000000
64.000000 54.000000 0.000000 0.203885 2.000000
67.000000 51.000000 0.000000 0.340556 3.000000
61.000000 53.000000 0.000000 0.181363 2.000000
58.000000 51.000000 0.000000 0.337957 3.000000
63.000000 37.000000 0.000000 0.000000 0.000000
45.000000 0.000000 0.000000 0.050027 1.000000
126.000000 158.000000 0.000000 0.000223 0.000000
99.000000 0.000000 0.000000 0.050046 1.000000
24.000000 155.000000 0.000000 0.000626 0.000000
41.000000 110.000000 0.000000 0.030393 1.000000
53.000000 110.000000 0.000000 0.002525 0.000000
56.000000 133.000000 0.000000 0.002995 0.000000
47.000000 131.000000 0.000000 0.034691 1.000000
72.000000 132.000000 0.000000 0.005345 0.000000
79.000000 129.000000 0.000000 0.067700 1.000000
78.000000 154.000000 0.000000 0.012186 0.000000
82.000000 157.000000 0.000000 0.197325 1.000000
68.000000 118.000000 0.000000 0.024718 0.000000
74.000000 116.000000 0.000000 0.066932 1.000000
56.000000 160.000000 0.000000 0.032181 0.000000
52.000000 156.000000 0.000000 0.153686 1.000000
58.000000 109.000000 0.000000 0.033010 0.000000
58.000000 110.000000 0.000000 0.064900 1.000000
