64.000000 120.000000 0.000000 0.312298 2.000000
66.000000 138.000000 0.000000 0.786703 3.000000
63.000000 108.000000 0.000000 0.625424 3.000000
64.000000 54.000000 0.000000 0.205119 2.000000
67.000000 51.000000 0.000000 0.337335 3.000000
61.000000 53.000000 0.000000 0.177940 2.000000
58.000000 51.000000 0.000000 0.335896 3.000000
63.000000 37.000000 0.000000 0.000000 0.000000
41.000000 0.000000 0.000000 0.050019 1.000000
31.000000 136.000000 0.000000 0.000422 0.000000
47.000000 115.000000 0.000000 0.038475 1.000000
104.000000 134.000000 0.000000 0.000678 0.000000
110.000000 0.000000 0.000000 0.050043 1.000000
55.000000 139.000000 0.000000 0.002246 0.000000
52.000000 138.000000 0.000000 0.154180 1.000000
75.000000 135.000000 0.000000 0.008934 0.000000
79.000000 135.000000 0.000000 0.168121 1.000000
54.000000 116.000000 0.000000 0.011143 0.000000
68.000000 110.000000 0.000000 0.011753 0.000000
75.000000 108.000000 0.000000 0.062340 1.000000
