66.000000 142.000000 0.000000 0.444212 2.000000
67.000000 157.000000 0.000000 0.758420 3.000000
65.000000 131.000000 0.000000 0.697023 3.000000
64.000000 108.000000 0.000000 0.554591 2.000000
63.000000 110.000000 0.000000 0.604606 3.000000
64.000000 103.000000 0.000000 0.581209 3.000000
63.000000 99.000000 0.000000 0.546327 2.000000
63.000000 95.000000 0.000000 0.579029 3.000000
64.000000 54.000000 0.000000 0.204003 2.000000
67.000000 51.000000 0.000000 0.340546 3.000000
61.000000 53.000000 0.000000 0.181870 2.000000
58.000000 51.000000 0.000000 0.337828 3.000000
63.000000 37.000000 0.000000 0.000000 0.000000
28.000000 0.000000 0.000000 0.050016 1.000000
126.000000 158.000000 0.000000 0.000241 0.000000
92.000000 0.000000 0.000000 0.050101 1.000000
25.000000 154.000000 0.000000 0.000588 0.000000
49.000000 132.000000 0.000000 0.040855 1.000000
58.000000 133.000000 0.000000 0.006119 0.000000
74.000000 132.000000 0.000000 0.013311 0.000000
81.000000 129.000000 0.000000 0.062163 1.000000
78.000000 154.000000 0.000000 0.020372 0.000000
83.000000 155.000000 0.000000 0.198935 1.000000
56.000000 159.000000 0.000000 0.023270 0.000000
52.000000 155.000000 0.000000 0.153744 1.000000
57.000000 112.000000 0.000000 0.043906 0.000000
56.000000 113.000000 0.000000 0.088741 1.000000
62.000000 120.000000 0.000000 0.425380 2.000000
