65.000000 127.000000 0.000000 0.325512 2.000000
66.000000 144.000000 0.000000 0.788183 3.000000
63.000000 99.000000 0.000000 0.553853 2.000000
64.000000 117.000000 0.000000 0.627719 3.000000
63.000000 96.000000 0.000000 0.578798 3.000000
64.000000 54.000000 0.000000 0.205317 2.000000
67.000000 51.000000 0.000000 0.337789 3.000000
61.000000 53.000000 0.000000 0.177974 2.000000
58.000000 51.000000 0.000000 0.335951 3.000000
63.000000 37.000000 0.000000 0.000000 0.000000
43.000000 0.000000 0.000000 0.050029 1.000000
108.000000 140.000000 0.000000 0.000152 0.000000
80.000000 0.000000 0.000000 0.050067 1.000000
29.000000 143.000000 0.000000 0.000421 0.000000
45.000000 119.000000 0.000000 0.033565 1.000000
72.000000 117.000000 0.000000 0.004694 0.000000
79.000000 115.000000 0.000000 0.054994 1.000000
53.000000 120.000000 0.000000 0.007186 0.000000
76.000000 142.000000 0.000000 0.007548 0.000000
79.000000 141.000000 0.000000 0.173773 1.000000
69.000000 116.000000 0.000000 0.010405 0.000000
70.000000 116.000000 0.000000 0.060681 1.000000
55.000000 146.000000 0.000000 0.021038 0.000000
52.000000 145.000000 0.000000 0.163297 1.000000
