65.000000 121.000000 0.000000 0.341610 2.000000
65.000000 137.000000 0.000000 0.782595 3.000000
63.000000 109.000000 0.000000 0.608868 3.000000
64.000000 54.000000 0.000000 0.205170 2.000000
67.000000 51.000000 0.000000 0.337261 3.000000
61.000000 53.000000 0.000000 0.177895 2.000000
58.000000 51.000000 0.000000 0.335988 3.000000
63.000000 37.000000 0.000000 0.000000 0.000000
82.000000 0.000000 0.000000 0.050036 1.000000
103.000000 133.000000 0.000000 0.000298 0.000000
30.000000 136.000000 0.000000 0.000763 0.000000
48.000000 115.000000 0.000000 0.044232 1.000000
70.000000 111.000000 0.000000 0.011844 0.000000
76.000000 108.000000 0.000000 0.058463 1.000000
54.000000 117.000000 0.000000 0.013106 0.000000
75.000000 135.000000 0.000000 0.015876 0.000000
78.000000 136.000000 0.000000 0.167205 1.000000
55.000000 139.000000 0.000000 0.030697 0.000000
51.000000 135.000000 0.000000 0.155933 1.000000
46.000000 0.000000 0.000000 0.050043 1.000000
