60.000000 142.000000 0.000000 0.445495 2.000000
59.000000 156.000000 0.000000 0.749101 3.000000
60.000000 121.000000 0.000000 0.453833 2.000000
63.000000 132.000000 0.000000 0.666212 3.000000
62.000000 105.000000 0.000000 0.602182 3.000000
61.000000 53.000000 0.000000 0.181397 2.000000
58.000000 51.000000 0.000000 0.340080 3.000000
64.000000 54.000000 0.000000 0.203976 2.000000
67.000000 51.000000 0.000000 0.338370 3.000000
63.000000 37.000000 0.000000 0.000000 0.000000
76.000000 0.000000 0.000000 0.050016 1.000000
102.000000 153.000000 0.000000 0.000099 0.000000
81.000000 130.000000 0.000000 0.030898 1.000000
0.000000 144.000000 0.000000 0.000546 0.000000
28.000000 0.000000 0.000000 0.050053 1.000000
70.000000 109.000000 0.000000 0.004317 0.000000
81.000000 108.000000 0.000000 0.033116 1.000000
72.000000 132.000000 0.000000 0.004680 0.000000
56.000000 117.000000 0.000000 0.014804 0.000000
50.000000 114.000000 0.000000 0.059304 1.000000
47.000000 153.000000 0.000000 0.018919 0.000000
44.000000 152.000000 0.000000 0.203318 1.000000
70.000000 158.000000 0.000000 0.019836 0.000000
74.000000 154.000000 0.000000 0.158120 1.000000
56.000000 132.000000 0.000000 0.021896 0.000000
49.000000 131.000000 0.000000 0.089587 1.000000
