60.000000 137.000000 0.000000 0.352797 2.000000
57.000000 154.000000 0.000000 0.764889 3.000000
62.000000 116.000000 0.000000 0.538548 2.000000
62.000000 125.000000 0.000000 0.710834 3.000000
62.000000 106.000000 0.000000 0.550611 2.000000
62.000000 104.000000 0.000000 0.590676 3.000000
63.000000 107.000000 0.000000 0.588676 3.000000
61.000000 101.000000 0.000000 0.536684 2.000000
62.000000 94.000000 0.000000 0.574417 3.000000
63.000000 115.000000 0.000000 0.562618 3.000000
61.000000 53.000000 0.000000 0.181256 2.000000
58.000000 51.000000 0.000000 0.340262 3.000000
64.000000 54.000000 0.000000 0.203754 2.000000
67.000000 51.000000 0.000000 0.338155 3.000000
63.000000 37.000000 0.000000 0.000000 0.000000
77.000000 0.000000 0.000000 0.050011 1.000000
3.000000 148.000000 0.000000 0.000118 0.000000
47.000000 0.000000 0.000000 0.050068 1.000000
98.000000 152.000000 0.000000 0.000479 0.000000
79.000000 106.000000 0.000000 0.033535 1.000000
69.000000 107.000000 0.000000 0.004224 0.000000
47.000000 151.000000 0.000000 0.007611 0.000000
44.000000 150.000000 0.000000 0.187896 1.000000
69.000000 156.000000 0.000000 0.010460 0.000000
73.000000 154.000000 0.000000 0.163548 1.000000
53.000000 127.000000 0.000000 0.014601 0.000000
47.000000 125.000000 0.000000 0.064917 1.000000
68.000000 125.000000 0.000000 0.046005 0.000000
70.000000 125.000000 0.000000 0.092033 1.000000
63.000000 113.000000 0.000000 0.528301 2.000000
