65.000000 131.000000 0.000000 0.328433 2.000000
67.000000 148.000000 0.000000 0.783907 3.000000
62.000000 102.000000 0.000000 0.559112 2.000000
63.000000 119.000000 0.000000 0.637532 3.000000
63.000000 99.000000 0.000000 0.585451 3.000000
64.000000 54.000000 0.000000 0.205421 2.000000
67.000000 51.000000 0.000000 0.337938 3.000000
61.000000 53.000000 0.000000 0.178061 2.000000
58.000000 51.000000 0.000000 0.335904 3.000000
63.000000 37.000000 0.000000 0.000000 0.000000
32.000000 0.000000 0.000000 0.050020 1.000000
111.000000 143.000000 0.000000 0.000216 0.000000
117.000000 0.000000 0.000000 0.050049 1.000000
28.000000 147.000000 0.000000 0.000729 0.000000
44.000000 121.000000 0.000000 0.031341 1.000000
53.000000 123.000000 0.000000 0.005870 0.000000
73.000000 121.000000 0.000000 0.010987 0.000000
80.000000 119.000000 0.000000 0.053123 1.000000
77.000000 146.000000 0.000000 0.026333 0.000000
80.000000 147.000000 0.000000 0.178248 1.000000
55.000000 150.000000 0.000000 0.032209 0.000000
52.000000 149.000000 0.000000 0.164773 1.000000
