64.000000 126.000000 0.000000 0.290117 2.000000
67.000000 144.000000 0.000000 0.778252 3.000000
63.000000 109.000000 0.000000 0.555606 2.000000
64.000000 115.000000 0.000000 0.658369 3.000000
62.000000 105.000000 0.000000 0.586396 3.000000
62.000000 100.000000 0.000000 0.548475 2.000000
63.000000 97.000000 0.000000 0.585032 3.000000
64.000000 54.000000 0.000000 0.205294 2.000000
67.000000 51.000000 0.000000 0.337778 3.000000
61.000000 53.000000 0.000000 0.178047 2.000000
58.000000 51.000000 0.000000 0.336097 3.000000
63.000000 37.000000 0.000000 0.000000 0.000000
41.000000 0.000000 0.000000 0.050008 1.000000
108.000000 140.000000 0.000000 0.000703 0.000000
78.000000 0.000000 0.000000 0.050055 1.000000
29.000000 143.000000 0.000000 0.000904 0.000000
70.000000 116.000000 0.000000 0.011759 0.000000
77.000000 114.000000 0.000000 0.058967 1.000000
76.000000 142.000000 0.000000 0.024063 0.000000
80.000000 140.000000 0.000000 0.169658 1.000000
56.000000 147.000000 0.000000 0.033534 0.000000
52.000000 146.000000 0.000000 0.167125 1.000000
57.000000 118.000000 0.000000 0.050735 0.000000
55.000000 117.000000 0.000000 0.078533 1.000000
