67.000000 139.000000 0.000000 0.417345 2.000000
66.000000 154.000000 0.000000 0.767455 3.000000
64.000000 126.000000 0.000000 0.645534 2.000000
64.000000 128.000000 0.000000 0.677058 3.000000
63.000000 125.000000 0.000000 0.674142 3.000000
62.000000 114.000000 0.000000 0.536817 2.000000
63.000000 107.000000 0.000000 0.607702 3.000000
64.000000 54.000000 0.000000 0.203597 2.000000
67.000000 51.000000 0.000000 0.340191 3.000000
61.000000 53.000000 0.000000 0.181218 2.000000
58.000000 51.000000 0.000000 0.337922 3.000000
63.000000 37.000000 0.000000 0.000000 0.000000
46.000000 0.000000 0.000000 0.050024 1.000000
120.000000 148.000000 0.000000 0.000065 0.000000
93.000000 0.000000 0.000000 0.050058 1.000000
26.000000 151.000000 0.000000 0.000478 0.000000
46.000000 109.000000 0.000000 0.033340 1.000000
75.000000 127.000000 0.000000 0.003804 0.000000
82.000000 126.000000 0.000000 0.051921 1.000000
56.000000 130.000000 0.000000 0.004997 0.000000
47.000000 127.000000 0.000000 0.035041 1.000000
56.000000 110.000000 0.000000 0.008946 0.000000
71.000000 126.000000 0.000000 0.025149 0.000000
72.000000 126.000000 0.000000 0.070504 1.000000
77.000000 151.000000 0.000000 0.029790 0.000000
81.000000 151.000000 0.000000 0.189934 1.000000
55.000000 156.000000 0.000000 0.030616 0.000000
52.000000 153.000000 0.000000 0.151999 1.000000
