66.000000 149.000000 0.000000 0.525360 2.000000
67.000000 164.000000 0.000000 0.758991 3.000000
64.000000 142.000000 0.000000 0.645299 3.000000
64.000000 112.000000 0.000000 0.512328 2.000000
64.000000 104.000000 0.000000 0.602910 3.000000
61.000000 115.000000 0.000000 0.600088 3.000000
64.000000 54.000000 0.000000 0.204279 2.000000
67.000000 51.000000 0.000000 0.340923 3.000000
61.000000 53.000000 0.000000 0.181440 2.000000
58.000000 51.000000 0.000000 0.337607 3.000000
63.000000 37.000000 0.000000 0.000000 0.000000
46.000000 0.000000 0.000000 0.050032 1.000000
22.000000 161.000000 0.000000 0.000532 0.000000
126.000000 142.000000 0.000000 0.000541 0.000000
78.000000 96.000000 0.000000 0.041046 1.000000
69.000000 104.000000 0.000000 0.008118 0.000000
56.000000 166.000000 0.000000 0.009466 0.000000
53.000000 161.000000 0.000000 0.151386 1.000000
71.000000 123.000000 0.000000 0.014878 0.000000
78.000000 120.000000 0.000000 0.054965 1.000000
79.000000 160.000000 0.000000 0.020833 0.000000
85.000000 163.000000 0.000000 0.206666 1.000000
71.000000 140.000000 0.000000 0.031462 0.000000
76.000000 138.000000 0.000000 0.093198 1.000000
56.000000 115.000000 0.000000 0.038591 0.000000
54.000000 114.000000 0.000000 0.113407 1.000000
64.000000 127.000000 0.000000 0.317168 2.000000
103.000000 0.000000 0.000000 0.050050 1.000000
