60.000000 141.000000 0.000000 0.381351 2.000000
57.000000 157.000000 0.000000 0.763533 3.000000
64.000000 115.000000 0.000000 0.489794 2.000000
62.000000 129.000000 0.000000 0.705425 3.000000
61.000000 105.000000 0.000000 0.539675 2.000000
63.000000 109.000000 0.000000 0.592269 3.000000
62.000000 96.000000 0.000000 0.577454 3.000000
61.000000 53.000000 0.000000 0.181368 2.000000
58.000000 51.000000 0.000000 0.340333 3.000000
64.000000 54.000000 0.000000 0.203980 2.000000
67.000000 51.000000 0.000000 0.338008 3.000000
63.000000 37.000000 0.000000 0.000000 0.000000
76.000000 0.000000 0.000000 0.049999 1.000000
99.000000 155.000000 0.000000 0.000204 0.000000
81.000000 111.000000 0.000000 0.029990 1.000000
0.000000 142.000000 0.000000 0.000722 0.000000
50.000000 0.000000 0.000000 0.050051 1.000000
71.000000 110.000000 0.000000 0.004798 0.000000
46.000000 154.000000 0.000000 0.016155 0.000000
42.000000 154.000000 0.000000 0.198645 1.000000
55.000000 131.000000 0.000000 0.016814 0.000000
47.000000 129.000000 0.000000 0.070664 1.000000
69.000000 159.000000 0.000000 0.027223 0.000000
73.000000 156.000000 0.000000 0.161204 1.000000
68.000000 127.000000 0.000000 0.034461 0.000000
70.000000 129.000000 0.000000 0.079252 1.000000
59.000000 118.000000 0.000000 0.070830 0.000000
56.000000 117.000000 0.000000 0.097130 1.000000
