60.000000 147.000000 0.000000 0.463521 2.000000
57.000000 161.000000 0.000000 0.762228 3.000000
62.000000 136.000000 0.000000 0.684355 3.000000
61.000000 109.000000 0.000000 0.531307 2.000000
64.000000 114.000000 0.000000 0.605623 3.000000
62.000000 98.000000 0.000000 0.595766 3.000000
61.000000 53.000000 0.000000 0.181924 2.000000
58.000000 51.000000 0.000000 0.340739 3.000000
64.000000 54.000000 0.000000 0.203251 2.000000
67.000000 51.000000 0.000000 0.337897 3.000000
63.000000 37.000000 0.000000 0.000000 0.000000
86.000000 0.000000 0.000000 0.050007 1.000000
101.000000 158.000000 0.000000 0.000318 0.000000
88.000000 116.000000 0.000000 0.026911 1.000000
0.000000 141.000000 0.000000 0.000949 0.000000
48.000000 94.000000 0.000000 0.041283 1.000000
74.000000 114.000000 0.000000 0.002456 0.000000
71.000000 135.000000 0.000000 0.004235 0.000000
80.000000 134.000000 0.000000 0.030705 1.000000
46.000000 157.000000 0.000000 0.006813 0.000000
41.000000 159.000000 0.000000 0.206189 1.000000
57.000000 102.000000 0.000000 0.011517 0.000000
58.000000 121.000000 0.000000 0.018952 0.000000
50.000000 120.000000 0.000000 0.067442 1.000000
69.000000 163.000000 0.000000 0.020605 0.000000
73.000000 159.000000 0.000000 0.160985 1.000000
68.000000 113.000000 0.000000 0.022182 0.000000
70.000000 114.000000 0.000000 0.082043 1.000000
56.000000 137.000000 0.000000 0.044618 0.000000
51.000000 135.000000 0.000000 0.101557 1.000000
60.000000 126.000000 0.000000 0.385097 2.000000
51.000000 0.000000 0.000000 0.050059 1.000000
