65.000000 114.000000 0.000000 0.418864 2.000000
60.000000 130.000000 0.000000 0.785478 3.000000
62.000000 102.000000 0.000000 0.600194 3.000000
61.000000 53.000000 0.000000 0.178385 2.000000
58.000000 51.000000 0.000000 0.337097 3.000000
64.000000 54.000000 0.000000 0.204532 2.000000
67.000000 51.000000 0.000000 0.336146 3.000000
63.000000 37.000000 0.000000 0.000000 0.000000
86.000000 0.000000 0.000000 0.050019 1.000000
94.000000 129.000000 0.000000 0.000851 0.000000
26.000000 127.000000 0.000000 0.001595 0.000000
20.000000 0.000000 0.000000 0.050060 1.000000
69.000000 110.000000 0.000000 0.010339 0.000000
75.000000 109.000000 0.000000 0.052704 1.000000
51.000000 127.000000 0.000000 0.013505 0.000000
48.000000 129.000000 0.000000 0.157771 1.000000
57.000000 103.000000 0.000000 0.028325 0.000000
53.000000 101.000000 0.000000 0.062784 1.000000
71.000000 132.000000 0.000000 0.034819 0.000000
74.000000 128.000000 0.000000 0.154948 1.000000
