65.000000 140.000000 0.000000 0.346976 2.000000
68.000000 157.000000 0.000000 0.753911 3.000000
60.000000 116.000000 0.000000 0.436699 2.000000
62.000000 129.000000 0.000000 0.700245 3.000000
64.000000 106.000000 0.000000 0.544342 2.000000
63.000000 96.000000 0.000000 0.583791 3.000000
62.000000 108.000000 0.000000 0.539447 2.000000
62.000000 109.000000 0.000000 0.583287 3.000000
63.000000 108.000000 0.000000 0.576319 3.000000
64.000000 54.000000 0.000000 0.204559 2.000000
67.000000 51.000000 0.000000 0.340356 3.000000
61.000000 53.000000 0.000000 0.181617 2.000000
58.000000 51.000000 0.000000 0.338185 3.000000
63.000000 37.000000 0.000000 0.000000 0.000000
42.000000 0.000000 0.000000 0.050031 1.000000
125.000000 146.000000 0.000000 0.000129 0.000000
111.000000 0.000000 0.000000 0.050061 1.000000
25.000000 155.000000 0.000000 0.000533 0.000000
42.000000 112.000000 0.000000 0.029002 1.000000
53.000000 110.000000 0.000000 0.003637 0.000000
69.000000 129.000000 0.000000 0.007249 0.000000
70.000000 130.000000 0.000000 0.033325 1.000000
72.000000 130.000000 0.000000 0.008609 0.000000
56.000000 160.000000 0.000000 0.015213 0.000000
52.000000 158.000000 0.000000 0.167130 1.000000
56.000000 127.000000 0.000000 0.016083 0.000000
54.000000 127.000000 0.000000 0.085233 1.000000
78.000000 154.000000 0.000000 0.022961 0.000000
81.000000 153.000000 0.000000 0.192567 1.000000
66.000000 117.000000 0.000000 0.051032 0.000000
69.000000 117.000000 0.000000 0.092027 1.000000
79.000000 127.000000 0.000000 0.061588 1.000000
