64.000000 126.000000 0.000000 0.318926 2.000000
67.000000 144.000000 0.000000 0.769942 3.000000
62.000000 100.000000 0.000000 0.560648 2.000000
63.000000 115.000000 0.000000 0.667482 3.000000
63.000000 96.000000 0.000000 0.584797 3.000000
64.000000 54.000000 0.000000 0.205220 2.000000
67.000000 51.000000 0.000000 0.337633 3.000000
61.000000 53.000000 0.000000 0.178096 2.000000
58.000000 51.000000 0.000000 0.336111 3.000000
63.000000 37.000000 0.000000 0.000000 0.000000
41.000000 0.000000 0.000000 0.050052 1.000000
108.000000 139.000000 0.000000 0.000466 0.000000
103.000000 0.000000 0.000000 0.050081 1.000000
29.000000 143.000000 0.000000 0.000742 0.000000
76.000000 141.000000 0.000000 0.007622 0.000000
80.000000 142.000000 0.000000 0.171758 1.000000
55.000000 146.000000 0.000000 0.007853 0.000000
51.000000 144.000000 0.000000 0.163116 1.000000
70.000000 117.000000 0.000000 0.008882 0.000000
77.000000 115.000000 0.000000 0.062196 1.000000
57.000000 118.000000 0.000000 0.046071 0.000000
55.000000 118.000000 0.000000 0.070135 1.000000
