66.000000 138.000000 0.000000 0.383842 2.000000
66.000000 154.000000 0.000000 0.769128 3.000000
62.000000 112.000000 0.000000 0.516582 2.000000
63.000000 121.000000 0.000000 0.648922 3.000000
63.000000 105.000000 0.000000 0.603319 3.000000
64.000000 54.000000 0.000000 0.203974 2.000000
67.000000 51.000000 0.000000 0.339670 3.000000
61.000000 53.000000 0.000000 0.180738 2.000000
58.000000 51.000000 0.000000 0.337915 3.000000
63.000000 37.000000 0.000000 0.000000 0.000000
48.000000 0.000000 0.000000 0.050011 1.000000
116.000000 148.000000 0.000000 0.000172 0.000000
83.000000 124.000000 0.000000 0.045057 1.000000
25.000000 151.000000 0.000000 0.000591 0.000000
48.000000 107.000000 0.000000 0.035028 1.000000
75.000000 126.000000 0.000000 0.003947 0.000000
56.000000 108.000000 0.000000 0.009692 0.000000
55.000000 156.000000 0.000000 0.011733 0.000000
51.000000 153.000000 0.000000 0.158406 1.000000
77.000000 152.000000 0.000000 0.015198 0.000000
80.000000 150.000000 0.000000 0.190149 1.000000
70.000000 124.000000 0.000000 0.034994 0.000000
72.000000 125.000000 0.000000 0.058948 1.000000
90.000000 0.000000 0.000000 0.050044 1.000000
