66.000000 117.000000 0.000000 0.331043 2.000000
60.000000 133.000000 0.000000 0.783613 3.000000
62.000000 106.000000 0.000000 0.575216 2.000000
62.000000 104.000000 0.000000 0.606467 3.000000
61.000000 107.000000 0.000000 0.600342 3.000000
61.000000 53.000000 0.000000 0.178542 2.000000
58.000000 51.000000 0.000000 0.337466 3.000000
64.000000 54.000000 0.000000 0.204519 2.000000
67.000000 51.000000 0.000000 0.335883 3.000000
63.000000 37.000000 0.000000 0.000000 0.000000
98.000000 0.000000 0.000000 0.050024 1.000000
24.000000 130.000000 0.000000 0.000542 0.000000
44.000000 0.000000 0.000000 0.050038 1.000000
94.000000 133.000000 0.000000 0.000869 0.000000
77.000000 112.000000 0.000000 0.042794 1.000000
71.000000 113.000000 0.000000 0.009454 0.000000
56.000000 107.000000 0.000000 0.018828 0.000000
51.000000 104.000000 0.000000 0.062075 1.000000
70.000000 135.000000 0.000000 0.023135 0.000000
73.000000 133.000000 0.000000 0.154584 1.000000
50.000000 132.000000 0.000000 0.032332 0.000000
47.000000 129.000000 0.000000 0.163370 1.000000
