65.000000 131.000000 0.000000 0.374655 2.000000
66.000000 147.000000 0.000000 0.771276 3.000000
62.000000 104.000000 0.000000 0.567695 2.000000
64.000000 120.000000 0.000000 0.645496 3.000000
63.000000 100.000000 0.000000 0.596326 3.000000
64.000000 54.000000 0.000000 0.204936 2.000000
67.000000 51.000000 0.000000 0.337602 3.000000
61.000000 53.000000 0.000000 0.178221 2.000000
58.000000 51.000000 0.000000 0.335973 3.000000
63.000000 37.000000 0.000000 0.000000 0.000000
47.000000 0.000000 0.000000 0.050011 1.000000
111.000000 142.000000 0.000000 0.000418 0.000000
102.000000 0.000000 0.000000 0.050047 1.000000
27.000000 145.000000 0.000000 0.000883 0.000000
46.000000 123.000000 0.000000 0.034842 1.000000
54.000000 124.000000 0.000000 0.003101 0.000000
74.000000 121.000000 0.000000 0.008923 0.000000
81.000000 119.000000 0.000000 0.051956 1.000000
55.000000 149.000000 0.000000 0.010077 0.000000
51.000000 146.000000 0.000000 0.156759 1.000000
76.000000 144.000000 0.000000 0.024190 0.000000
80.000000 146.000000 0.000000 0.181881 1.000000
