64.000000 120.000000 0.000000 0.328416 2.000000
65.000000 136.000000 0.000000 0.778719 3.000000
63.000000 108.000000 0.000000 0.605270 3.000000
64.000000 54.000000 0.000000 0.205326 2.000000
67.000000 51.000000 0.000000 0.337433 3.000000
61.000000 53.000000 0.000000 0.177851 2.000000
58.000000 51.000000 0.000000 0.335841 3.000000
63.000000 37.000000 0.000000 0.000000 0.000000
45.000000 0.000000 0.000000 0.050014 1.000000
103.000000 133.000000 0.000000 0.000270 0.000000
76.000000 0.000000 0.000000 0.050029 1.000000
30.000000 136.000000 0.000000 0.000717 0.000000
47.000000 115.000000 0.000000 0.040924 1.000000
54.000000 116.000000 0.000000 0.004311 0.000000
71.000000 110.000000 0.000000 0.012717 0.000000
77.000000 108.000000 0.000000 0.056187 1.000000
75.000000 135.000000 0.000000 0.016481 0.000000
78.000000 136.000000 0.000000 0.166695 1.000000
55.000000 139.000000 0.000000 0.031709 0.000000
51.000000 137.000000 0.000000 0.157637 1.000000
