60.000000 118.000000 0.000000 0.350938 2.000000
65.000000 134.000000 0.000000 0.783922 3.000000
63.000000 107.000000 0.000000 0.555009 2.000000
63.000000 105.000000 0.000000 0.602117 3.000000
64.000000 107.000000 0.000000 0.594006 3.000000
64.000000 54.000000 0.000000 0.205232 2.000000
67.000000 51.000000 0.000000 0.337187 3.000000
61.000000 53.000000 0.000000 0.177984 2.000000
58.000000 51.000000 0.000000 0.336063 3.000000
63.000000 37.000000 0.000000 0.000000 0.000000
44.000000 0.000000 0.000000 0.050018 1.000000
101.000000 130.000000 0.000000 0.000223 0.000000
74.000000 0.000000 0.000000 0.050062 1.000000
31.000000 132.000000 0.000000 0.000824 0.000000
49.000000 113.000000 0.000000 0.049365 1.000000
68.000000 107.000000 0.000000 0.007541 0.000000
75.000000 105.000000 0.000000 0.060755 1.000000
56.000000 114.000000 0.000000 0.012152 0.000000
74.000000 131.000000 0.000000 0.024539 0.000000
78.000000 130.000000 0.000000 0.163689 1.000000
54.000000 135.000000 0.000000 0.035264 0.000000
51.000000 131.000000 0.000000 0.152602 1.000000
