65.000000 127.000000 0.000000 0.359548 2.000000
66.000000 144.000000 0.000000 0.777909 3.000000
63.000000 117.000000 0.000000 0.596600 2.000000
64.000000 117.000000 0.000000 0.632238 3.000000
63.000000 116.000000 0.000000 0.621669 3.000000
62.000000 114.000000 0.000000 0.566510 2.000000
63.000000 108.000000 0.000000 0.595540 3.000000
62.000000 98.000000 0.000000 0.548505 2.000000
63.000000 95.000000 0.000000 0.576164 3.000000
64.000000 54.000000 0.000000 0.205230 2.000000
67.000000 51.000000 0.000000 0.337547 3.000000
61.000000 53.000000 0.000000 0.178061 2.000000
58.000000 51.000000 0.000000 0.336221 3.000000
63.000000 37.000000 0.000000 0.000000 0.000000
46.000000 0.000000 0.000000 0.050032 1.000000
107.000000 139.000000 0.000000 0.000571 0.000000
79.000000 0.000000 0.000000 0.050053 1.000000
28.000000 142.000000 0.000000 0.000632 0.000000
46.000000 121.000000 0.000000 0.037311 1.000000
53.000000 122.000000 0.000000 0.004836 0.000000
71.000000 118.000000 0.000000 0.013608 0.000000
78.000000 116.000000 0.000000 0.059011 1.000000
55.000000 146.000000 0.000000 0.021898 0.000000
51.000000 144.000000 0.000000 0.161133 1.000000
76.000000 142.000000 0.000000 0.026874 0.000000
79.000000 143.000000 0.000000 0.174941 1.000000
