66.000000 142.000000 0.000000 0.385054 2.000000
68.000000 158.000000 0.000000 0.772488 3.000000
64.000000 121.000000 0.000000 0.455365 2.000000
63.000000 130.000000 0.000000 0.687211 3.000000
63.000000 109.000000 0.000000 0.557755 2.000000
62.000000 110.000000 0.000000 0.595437 3.000000
63.000000 108.000000 0.000000 0.589081 3.000000
63.000000 99.000000 0.000000 0.552611 2.000000
64.000000 101.000000 0.000000 0.579961 3.000000
63.000000 95.000000 0.000000 0.578211 3.000000
62.000000 118.000000 0.000000 0.456669 2.000000
63.000000 118.000000 0.000000 0.482840 3.000000
62.000000 117.000000 0.000000 0.481966 3.000000
64.000000 54.000000 0.000000 0.203750 2.000000
67.000000 51.000000 0.000000 0.340362 3.000000
61.000000 53.000000 0.000000 0.180709 2.000000
58.000000 51.000000 0.000000 0.337456 3.000000
63.000000 37.000000 0.000000 0.000000 0.000000
51.000000 0.000000 0.000000 0.050024 1.000000
126.000000 161.000000 0.000000 0.000366 0.000000
79.000000 0.000000 0.000000 0.050039 1.000000
27.000000 156.000000 0.000000 0.000732 0.000000
43.000000 129.000000 0.000000 0.026143 1.000000
53.000000 130.000000 0.000000 0.002182 0.000000
79.000000 155.000000 0.000000 0.012015 0.000000
83.000000 153.000000 0.000000 0.198185 1.000000
72.000000 132.000000 0.000000 0.013034 0.000000
79.000000 129.000000 0.000000 0.065090 1.000000
57.000000 129.000000 0.000000 0.021506 0.000000
56.000000 130.000000 0.000000 0.064207 1.000000
57.000000 160.000000 0.000000 0.028123 0.000000
53.000000 157.000000 0.000000 0.157317 1.000000
67.000000 118.000000 0.000000 0.037203 0.000000
72.000000 116.000000 0.000000 0.079442 1.000000
58.000000 109.000000 0.000000 0.037766 0.000000
57.000000 110.000000 0.000000 0.062045 1.000000
64.000000 106.000000 0.000000 0.541872 2.000000
62.000000 116.000000 0.000000 0.449444 2.000000
