59.000000 145.000000 0.000000 0.420621 2.000000
57.000000 160.000000 0.000000 0.759922 3.000000
61.000000 123.000000 0.000000 0.444009 2.000000
62.000000 133.000000 0.000000 0.689739 3.000000
61.000000 109.000000 0.000000 0.512467 2.000000
61.000000 103.000000 0.000000 0.596767 3.000000
64.000000 113.000000 0.000000 0.583180 3.000000
61.000000 53.000000 0.000000 0.181251 2.000000
58.000000 51.000000 0.000000 0.340392 3.000000
64.000000 54.000000 0.000000 0.203780 2.000000
67.000000 51.000000 0.000000 0.337778 3.000000
63.000000 37.000000 0.000000 0.000000 0.000000
86.000000 0.000000 0.000000 0.049979 1.000000
100.000000 158.000000 0.000000 0.000583 0.000000
0.000000 140.000000 0.000000 0.001027 0.000000
51.000000 95.000000 0.000000 0.041719 1.000000
55.000000 135.000000 0.000000 0.004369 0.000000
47.000000 133.000000 0.000000 0.079172 1.000000
56.000000 102.000000 0.000000 0.007576 0.000000
68.000000 163.000000 0.000000 0.012841 0.000000
72.000000 160.000000 0.000000 0.159535 1.000000
68.000000 131.000000 0.000000 0.026956 0.000000
70.000000 132.000000 0.000000 0.058196 1.000000
45.000000 157.000000 0.000000 0.030314 0.000000
41.000000 157.000000 0.000000 0.208025 1.000000
68.000000 112.000000 0.000000 0.040462 0.000000
69.000000 113.000000 0.000000 0.077773 1.000000
59.000000 121.000000 0.000000 0.052297 0.000000
54.000000 120.000000 0.000000 0.090849 1.000000
17.000000 0.000000 0.000000 0.050048 1.000000
