66.000000 152.000000 0.000000 0.529673 2.000000
68.000000 163.000000 0.000000 0.750425 3.000000
63.000000 140.000000 0.000000 0.659740 3.000000
63.000000 113.000000 0.000000 0.563946 2.000000
63.000000 115.000000 0.000000 0.609023 3.000000
64.000000 110.000000 0.000000 0.606646 3.000000
59.000000 123.000000 0.000000 0.387351 2.000000
62.000000 126.000000 0.000000 0.414443 3.000000
64.000000 54.000000 0.000000 0.204018 2.000000
67.000000 51.000000 0.000000 0.340966 3.000000
61.000000 53.000000 0.000000 0.181569 2.000000
58.000000 51.000000 0.000000 0.337627 3.000000
63.000000 37.000000 0.000000 0.000000 0.000000
38.000000 0.000000 0.000000 0.049998 1.000000
126.000000 139.000000 0.000000 0.000379 0.000000
73.000000 0.000000 0.000000 0.050056 1.000000
25.000000 160.000000 0.000000 0.000386 0.000000
68.000000 125.000000 0.000000 0.016132 0.000000
73.000000 123.000000 0.000000 0.074908 1.000000
57.000000 166.000000 0.000000 0.016462 0.000000
53.000000 161.000000 0.000000 0.153448 1.000000
80.000000 159.000000 0.000000 0.019893 0.000000
86.000000 162.000000 0.000000 0.212514 1.000000
57.000000 116.000000 0.000000 0.041589 0.000000
55.000000 117.000000 0.000000 0.109533 1.000000
70.000000 142.000000 0.000000 0.058032 0.000000
75.000000 139.000000 0.000000 0.118198 1.000000
65.000000 129.000000 0.000000 0.359879 2.000000
