67.000000 145.000000 0.000000 0.393137 2.000000
68.000000 161.000000 0.000000 0.774047 3.000000
65.000000 123.000000 0.000000 0.413860 2.000000
64.000000 131.000000 0.000000 0.670014 3.000000
64.000000 108.000000 0.000000 0.565071 2.000000
62.000000 112.000000 0.000000 0.605627 3.000000
64.000000 103.000000 0.000000 0.589284 3.000000
64.000000 54.000000 0.000000 0.205302 2.000000
67.000000 51.000000 0.000000 0.338593 3.000000
61.000000 53.000000 0.000000 0.178162 2.000000
58.000000 51.000000 0.000000 0.335265 3.000000
63.000000 37.000000 0.000000 0.000000 0.000000
42.000000 0.000000 0.000000 0.050006 1.000000
26.000000 159.000000 0.000000 0.000327 0.000000
126.000000 168.000000 0.000000 0.000444 0.000000
78.000000 0.000000 0.000000 0.050079 1.000000
68.000000 120.000000 0.000000 0.012397 0.000000
73.000000 119.000000 0.000000 0.073141 1.000000
73.000000 134.000000 0.000000 0.013190 0.000000
81.000000 132.000000 0.000000 0.060296 1.000000
57.000000 163.000000 0.000000 0.017916 0.000000
53.000000 160.000000 0.000000 0.156812 1.000000
80.000000 159.000000 0.000000 0.031075 0.000000
84.000000 156.000000 0.000000 0.202839 1.000000
