61.000000 115.000000 0.000000 0.463170 2.000000
65.000000 130.000000 0.000000 0.784886 3.000000
62.000000 110.000000 0.000000 0.507487 2.000000
63.000000 101.000000 0.000000 0.599697 3.000000
61.000000 110.000000 0.000000 0.540440 3.000000
64.000000 54.000000 0.000000 0.205111 2.000000
67.000000 51.000000 0.000000 0.337035 3.000000
61.000000 53.000000 0.000000 0.177879 2.000000
58.000000 51.000000 0.000000 0.336126 3.000000
63.000000 37.000000 0.000000 0.000000 0.000000
31.000000 0.000000 0.000000 0.050038 1.000000
31.000000 129.000000 0.000000 0.000579 0.000000
99.000000 126.000000 0.000000 0.001587 0.000000
82.000000 0.000000 0.000000 0.050059 1.000000
74.000000 127.000000 0.000000 0.004691 0.000000
77.000000 129.000000 0.000000 0.158496 1.000000
56.000000 110.000000 0.000000 0.010856 0.000000
50.000000 108.000000 0.000000 0.051055 1.000000
54.000000 131.000000 0.000000 0.031984 0.000000
51.000000 130.000000 0.000000 0.155497 1.000000
