58.000000 147.000000 0.000000 0.448568 2.000000
58.000000 162.000000 0.000000 0.730577 3.000000
60.000000 137.000000 0.000000 0.674271 3.000000
62.000000 120.000000 0.000000 0.577368 2.000000
63.000000 120.000000 0.000000 0.619702 3.000000
62.000000 119.000000 0.000000 0.609896 3.000000
61.000000 112.000000 0.000000 0.561037 2.000000
62.000000 102.000000 0.000000 0.609107 3.000000
61.000000 53.000000 0.000000 0.181095 2.000000
58.000000 51.000000 0.000000 0.340943 3.000000
64.000000 54.000000 0.000000 0.203702 2.000000
67.000000 51.000000 0.000000 0.337858 3.000000
63.000000 37.000000 0.000000 0.000000 0.000000
83.000000 0.000000 0.000000 0.050002 1.000000
101.000000 158.000000 0.000000 0.000188 0.000000
0.000000 137.000000 0.000000 0.001141 0.000000
0.000000 8.000000 0.000000 0.050074 1.000000
51.000000 136.000000 0.000000 0.010099 0.000000
53.000000 135.000000 0.000000 0.046091 1.000000
45.000000 158.000000 0.000000 0.016215 0.000000
40.000000 162.000000 0.000000 0.206343 1.000000
54.000000 134.000000 0.000000 0.019245 0.000000
69.000000 164.000000 0.000000 0.023602 0.000000
72.000000 160.000000 0.000000 0.155302 1.000000
67.000000 140.000000 0.000000 0.032846 0.000000
72.000000 139.000000 0.000000 0.062740 1.000000
69.000000 119.000000 0.000000 0.063235 0.000000
72.000000 120.000000 0.000000 0.121335 1.000000
67.000000 127.000000 0.000000 0.286833 2.000000
43.000000 133.000000 0.000000 0.064637 1.000000
