66.000000 140.000000 0.000000 0.347334 2.000000
68.000000 157.000000 0.000000 0.766105 3.000000
60.000000 120.000000 0.000000 0.498677 2.000000
64.000000 129.000000 0.000000 0.675310 3.000000
64.000000 106.000000 0.000000 0.554577 2.000000
62.000000 112.000000 0.000000 0.610020 3.000000
64.000000 102.000000 0.000000 0.582193 3.000000
64.000000 54.000000 0.000000 0.203832 2.000000
67.000000 51.000000 0.000000 0.340494 3.000000
61.000000 53.000000 0.000000 0.181625 2.000000
58.000000 51.000000 0.000000 0.338013 3.000000
63.000000 37.000000 0.000000 0.000000 0.000000
38.000000 0.000000 0.000000 0.050044 1.000000
27.000000 156.000000 0.000000 0.000034 0.000000
126.000000 142.000000 0.000000 0.000178 0.000000
81.000000 0.000000 0.000000 0.050071 1.000000
73.000000 131.000000 0.000000 0.008323 0.000000
81.000000 129.000000 0.000000 0.062781 1.000000
57.000000 160.000000 0.000000 0.009473 0.000000
53.000000 158.000000 0.000000 0.161594 1.000000
79.000000 154.000000 0.000000 0.015303 0.000000
83.000000 153.000000 0.000000 0.196065 1.000000
56.000000 127.000000 0.000000 0.033002 0.000000
55.000000 127.000000 0.000000 0.071011 1.000000
