67.000000 145.000000 0.000000 0.407332 2.000000
68.000000 161.000000 0.000000 0.775581 3.000000
60.000000 120.000000 0.000000 0.414089 2.000000
64.000000 133.000000 0.000000 0.697425 3.000000
63.000000 101.000000 0.000000 0.559854 2.000000
64.000000 102.000000 0.000000 0.592406 3.000000
63.000000 99.000000 0.000000 0.592061 3.000000
64.000000 110.000000 0.000000 0.500277 2.000000
60.000000 114.000000 0.000000 0.548972 3.000000
64.000000 54.000000 0.000000 0.205235 2.000000
67.000000 51.000000 0.000000 0.338590 3.000000
61.000000 53.000000 0.000000 0.178279 2.000000
58.000000 51.000000 0.000000 0.335521 3.000000
63.000000 37.000000 0.000000 0.000000 0.000000
34.000000 0.000000 0.000000 0.049996 1.000000
25.000000 159.000000 0.000000 0.000206 0.000000
47.000000 134.000000 0.000000 0.032377 1.000000
126.000000 142.000000 0.000000 0.000432 0.000000
82.000000 96.000000 0.000000 0.041651 1.000000
55.000000 135.000000 0.000000 0.006883 0.000000
70.000000 103.000000 0.000000 0.007887 0.000000
73.000000 135.000000 0.000000 0.008384 0.000000
81.000000 132.000000 0.000000 0.060982 1.000000
58.000000 134.000000 0.000000 0.011662 0.000000
57.000000 135.000000 0.000000 0.036354 1.000000
79.000000 158.000000 0.000000 0.018942 0.000000
84.000000 158.000000 0.000000 0.202517 1.000000
57.000000 164.000000 0.000000 0.023890 0.000000
53.000000 161.000000 0.000000 0.158115 1.000000
57.000000 113.000000 0.000000 0.041943 0.000000
56.000000 113.000000 0.000000 0.089650 1.000000
66.000000 121.000000 0.000000 0.064772 0.000000
70.000000 121.000000 0.000000 0.099383 1.000000
88.000000 0.000000 0.000000 0.050071 1.000000
