59.000000 143.000000 0.000000 0.417725 2.000000
58.000000 157.000000 0.000000 0.766100 3.000000
61.000000 122.000000 0.000000 0.466859 2.000000
62.000000 132.000000 0.000000 0.705118 3.000000
61.000000 105.000000 0.000000 0.548707 2.000000
63.000000 110.000000 0.000000 0.604493 3.000000
62.000000 96.000000 0.000000 0.587700 3.000000
62.000000 119.000000 0.000000 0.496611 3.000000
61.000000 53.000000 0.000000 0.181623 2.000000
58.000000 51.000000 0.000000 0.340597 3.000000
64.000000 54.000000 0.000000 0.203206 2.000000
67.000000 51.000000 0.000000 0.338033 3.000000
63.000000 37.000000 0.000000 0.000000 0.000000
80.000000 0.000000 0.000000 0.050010 1.000000
100.000000 155.000000 0.000000 0.000403 0.000000
81.000000 130.000000 0.000000 0.029143 1.000000
0.000000 143.000000 0.000000 0.000617 0.000000
22.000000 0.000000 0.000000 0.050072 1.000000
72.000000 131.000000 0.000000 0.004236 0.000000
72.000000 111.000000 0.000000 0.005190 0.000000
84.000000 112.000000 0.000000 0.030188 1.000000
69.000000 160.000000 0.000000 0.009080 0.000000
73.000000 157.000000 0.000000 0.163010 1.000000
55.000000 133.000000 0.000000 0.015718 0.000000
49.000000 131.000000 0.000000 0.084344 1.000000
58.000000 119.000000 0.000000 0.016764 0.000000
53.000000 117.000000 0.000000 0.072912 1.000000
68.000000 130.000000 0.000000 0.019904 0.000000
69.000000 131.000000 0.000000 0.054777 1.000000
47.000000 154.000000 0.000000 0.024260 0.000000
42.000000 156.000000 0.000000 0.197002 1.000000
67.000000 110.000000 0.000000 0.039079 0.000000
67.000000 111.000000 0.000000 0.068583 1.000000
64.000000 118.000000 0.000000 0.458940 2.000000
