66.000000 143.000000 0.000000 0.439069 2.000000
66.000000 161.000000 0.000000 0.764896 3.000000
64.000000 130.000000 0.000000 0.708372 3.000000
62.000000 112.000000 0.000000 0.567144 2.000000
62.000000 113.000000 0.000000 0.605539 3.000000
63.000000 111.000000 0.000000 0.600859 3.000000
64.000000 110.000000 0.000000 0.553056 2.000000
64.000000 105.000000 0.000000 0.591842 3.000000
64.000000 54.000000 0.000000 0.203864 2.000000
67.000000 51.000000 0.000000 0.340211 3.000000
61.000000 53.000000 0.000000 0.181774 2.000000
58.000000 51.000000 0.000000 0.338007 3.000000
63.000000 37.000000 0.000000 0.000000 0.000000
40.000000 0.000000 0.000000 0.049998 1.000000
126.000000 165.000000 0.000000 0.000237 0.000000
84.000000 0.000000 0.000000 0.050073 1.000000
23.000000 157.000000 0.000000 0.000327 0.000000
41.000000 114.000000 0.000000 0.029239 1.000000
74.000000 133.000000 0.000000 0.002948 0.000000
83.000000 131.000000 0.000000 0.050534 1.000000
52.000000 114.000000 0.000000 0.004413 0.000000
57.000000 134.000000 0.000000 0.007475 0.000000
46.000000 133.000000 0.000000 0.032839 1.000000
78.000000 158.000000 0.000000 0.010130 0.000000
83.000000 157.000000 0.000000 0.199489 1.000000
55.000000 162.000000 0.000000 0.021841 0.000000
52.000000 160.000000 0.000000 0.154329 1.000000
61.000000 119.000000 0.000000 0.413956 2.000000
