59.000000 152.000000 0.000000 0.523146 2.000000
57.000000 163.000000 0.000000 0.750978 3.000000
60.000000 140.000000 0.000000 0.691599 3.000000
60.000000 110.000000 0.000000 0.495213 2.000000
65.000000 119.000000 0.000000 0.610238 3.000000
62.000000 99.000000 0.000000 0.590844 3.000000
61.000000 53.000000 0.000000 0.181562 2.000000
58.000000 51.000000 0.000000 0.341003 3.000000
64.000000 54.000000 0.000000 0.203578 2.000000
67.000000 51.000000 0.000000 0.337743 3.000000
63.000000 37.000000 0.000000 0.000000 0.000000
88.000000 0.000000 0.000000 0.050022 1.000000
100.000000 161.000000 0.000000 0.000528 0.000000
75.000000 139.000000 0.000000 0.043351 1.000000
0.000000 139.000000 0.000000 0.001352 0.000000
41.000000 97.000000 0.000000 0.040669 1.000000
68.000000 139.000000 0.000000 0.003516 0.000000
54.000000 103.000000 0.000000 0.004856 0.000000
68.000000 166.000000 0.000000 0.019410 0.000000
72.000000 162.000000 0.000000 0.155476 1.000000
45.000000 159.000000 0.000000 0.025362 0.000000
39.000000 163.000000 0.000000 0.212527 1.000000
69.000000 118.000000 0.000000 0.039081 0.000000
71.000000 119.000000 0.000000 0.111518 1.000000
58.000000 127.000000 0.000000 0.056747 0.000000
53.000000 127.000000 0.000000 0.087260 1.000000
55.000000 141.000000 0.000000 0.060552 0.000000
51.000000 137.000000 0.000000 0.105823 1.000000
65.000000 127.000000 0.000000 0.357857 2.000000
0.000000 16.000000 0.000000 0.050072 1.000000
