58.000000 145.000000 0.000000 0.413752 2.000000
57.000000 160.000000 0.000000 0.754141 3.000000
59.000000 133.000000 0.000000 0.659715 3.000000
62.000000 100.000000 0.000000 0.561930 2.000000
61.000000 107.000000 0.000000 0.597074 3.000000
62.000000 97.000000 0.000000 0.591350 3.000000
62.000000 114.000000 0.000000 0.514145 2.000000
64.000000 117.000000 0.000000 0.557703 3.000000
61.000000 53.000000 0.000000 0.181528 2.000000
58.000000 51.000000 0.000000 0.340905 3.000000
64.000000 54.000000 0.000000 0.203680 2.000000
67.000000 51.000000 0.000000 0.337756 3.000000
63.000000 37.000000 0.000000 0.000000 0.000000
86.000000 0.000000 0.000000 0.050012 1.000000
100.000000 158.000000 0.000000 0.000546 0.000000
0.000000 140.000000 0.000000 0.001057 0.000000
30.000000 0.000000 0.000000 0.050052 1.000000
67.000000 137.000000 0.000000 0.004178 0.000000
73.000000 137.000000 0.000000 0.053982 1.000000
50.000000 134.000000 0.000000 0.005202 0.000000
42.000000 132.000000 0.000000 0.056043 1.000000
46.000000 157.000000 0.000000 0.024216 0.000000
41.000000 160.000000 0.000000 0.204749 1.000000
68.000000 163.000000 0.000000 0.028462 0.000000
72.000000 159.000000 0.000000 0.156747 1.000000
69.000000 115.000000 0.000000 0.033193 0.000000
71.000000 116.000000 0.000000 0.129366 1.000000
67.000000 123.000000 0.000000 0.304494 2.000000
