61.000000 123.000000 0.000000 0.309914 2.000000
59.000000 140.000000 0.000000 0.777707 3.000000
62.000000 98.000000 0.000000 0.547067 2.000000
61.000000 113.000000 0.000000 0.642931 3.000000
62.000000 94.000000 0.000000 0.576625 3.000000
61.000000 53.000000 0.000000 0.178586 2.000000
58.000000 51.000000 0.000000 0.337604 3.000000
64.000000 54.000000 0.000000 0.204463 2.000000
67.000000 51.000000 0.000000 0.335873 3.000000
63.000000 37.000000 0.000000 0.000000 0.000000
78.000000 0.000000 0.000000 0.050023 1.000000
19.000000 136.000000 0.000000 0.000397 0.000000
23.000000 0.000000 0.000000 0.050040 1.000000
95.000000 140.000000 0.000000 0.001110 0.000000
81.000000 117.000000 0.000000 0.032861 1.000000
73.000000 117.000000 0.000000 0.007900 0.000000
70.000000 143.000000 0.000000 0.015600 0.000000
74.000000 140.000000 0.000000 0.162440 1.000000
56.000000 113.000000 0.000000 0.018044 0.000000
49.000000 111.000000 0.000000 0.062837 1.000000
68.000000 116.000000 0.000000 0.018640 0.000000
70.000000 116.000000 0.000000 0.065605 1.000000
49.000000 139.000000 0.000000 0.031828 0.000000
46.000000 139.000000 0.000000 0.170040 1.000000
