59.000000 117.000000 0.000000 0.369952 2.000000
65.000000 133.000000 0.000000 0.787489 3.000000
63.000000 103.000000 0.000000 0.608612 3.000000
64.000000 54.000000 0.000000 0.205274 2.000000
67.000000 51.000000 0.000000 0.337319 3.000000
61.000000 53.000000 0.000000 0.177901 2.000000
58.000000 51.000000 0.000000 0.335998 3.000000
63.000000 37.000000 0.000000 0.000000 0.000000
39.000000 0.000000 0.000000 0.050017 1.000000
31.000000 133.000000 0.000000 0.000835 0.000000
46.000000 110.000000 0.000000 0.038888 1.000000
102.000000 131.000000 0.000000 0.000996 0.000000
92.000000 0.000000 0.000000 0.050041 1.000000
54.000000 112.000000 0.000000 0.007634 0.000000
55.000000 136.000000 0.000000 0.013262 0.000000
52.000000 134.000000 0.000000 0.155152 1.000000
57.000000 111.000000 0.000000 0.022541 0.000000
56.000000 112.000000 0.000000 0.058882 1.000000
68.000000 105.000000 0.000000 0.023768 0.000000
72.000000 102.000000 0.000000 0.061563 1.000000
75.000000 132.000000 0.000000 0.027596 0.000000
78.000000 133.000000 0.000000 0.164596 1.000000
