60.000000 114.000000 0.000000 0.434185 2.000000
65.000000 130.000000 0.000000 0.794691 3.000000
63.000000 102.000000 0.000000 0.598767 3.000000
64.000000 54.000000 0.000000 0.205152 2.000000
67.000000 51.000000 0.000000 0.337151 3.000000
61.000000 53.000000 0.000000 0.178024 2.000000
58.000000 51.000000 0.000000 0.336240 3.000000
63.000000 37.000000 0.000000 0.000000 0.000000
34.000000 0.000000 0.000000 0.050030 1.000000
31.000000 130.000000 0.000000 0.000674 0.000000
50.000000 107.000000 0.000000 0.048097 1.000000
99.000000 127.000000 0.000000 0.000763 0.000000
79.000000 0.000000 0.000000 0.050065 1.000000
74.000000 129.000000 0.000000 0.002912 0.000000
77.000000 130.000000 0.000000 0.157325 1.000000
56.000000 109.000000 0.000000 0.005970 0.000000
67.000000 102.000000 0.000000 0.022939 0.000000
72.000000 100.000000 0.000000 0.060442 1.000000
55.000000 132.000000 0.000000 0.034338 0.000000
51.000000 129.000000 0.000000 0.156156 1.000000
