66.000000 138.000000 0.000000 0.384844 2.000000
66.000000 153.000000 0.000000 0.762150 3.000000
62.000000 112.000000 0.000000 0.517418 2.000000
63.000000 126.000000 0.000000 0.652975 3.000000
62.000000 106.000000 0.000000 0.559185 2.000000
63.000000 105.000000 0.000000 0.601292 3.000000
62.000000 107.000000 0.000000 0.586741 3.000000
64.000000 54.000000 0.000000 0.203980 2.000000
67.000000 51.000000 0.000000 0.340527 3.000000
61.000000 53.000000 0.000000 0.181639 2.000000
58.000000 51.000000 0.000000 0.338028 3.000000
63.000000 37.000000 0.000000 0.000000 0.000000
31.000000 0.000000 0.000000 0.050005 1.000000
119.000000 147.000000 0.000000 0.000086 0.000000
83.000000 125.000000 0.000000 0.049785 1.000000
26.000000 151.000000 0.000000 0.000341 0.000000
46.000000 106.000000 0.000000 0.033448 1.000000
56.000000 107.000000 0.000000 0.004768 0.000000
75.000000 126.000000 0.000000 0.017323 0.000000
78.000000 151.000000 0.000000 0.033900 0.000000
81.000000 151.000000 0.000000 0.189227 1.000000
55.000000 155.000000 0.000000 0.034479 0.000000
52.000000 153.000000 0.000000 0.152943 1.000000
71.000000 125.000000 0.000000 0.035070 0.000000
72.000000 126.000000 0.000000 0.060120 1.000000
79.000000 0.000000 0.000000 0.050071 1.000000
