61.000000 126.000000 0.000000 0.332548 2.000000
59.000000 142.000000 0.000000 0.745960 3.000000
63.000000 108.000000 0.000000 0.563617 2.000000
61.000000 115.000000 0.000000 0.627183 3.000000
63.000000 104.000000 0.000000 0.592735 3.000000
63.000000 101.000000 0.000000 0.557891 2.000000
62.000000 98.000000 0.000000 0.589796 3.000000
61.000000 53.000000 0.000000 0.181319 2.000000
58.000000 51.000000 0.000000 0.339738 3.000000
64.000000 54.000000 0.000000 0.203354 2.000000
67.000000 51.000000 0.000000 0.338640 3.000000
63.000000 37.000000 0.000000 0.000000 0.000000
85.000000 0.000000 0.000000 0.050027 1.000000
18.000000 138.000000 0.000000 0.000322 0.000000
40.000000 0.000000 0.000000 0.050058 1.000000
98.000000 142.000000 0.000000 0.000914 0.000000
54.000000 116.000000 0.000000 0.013032 0.000000
48.000000 114.000000 0.000000 0.059844 1.000000
49.000000 140.000000 0.000000 0.020115 0.000000
46.000000 142.000000 0.000000 0.172458 1.000000
70.000000 145.000000 0.000000 0.028977 0.000000
75.000000 143.000000 0.000000 0.160842 1.000000
