64.000000 124.000000 0.000000 0.345510 2.000000
65.000000 140.000000 0.000000 0.781238 3.000000
62.000000 112.000000 0.000000 0.543458 2.000000
62.000000 107.000000 0.000000 0.617667 3.000000
64.000000 114.000000 0.000000 0.573790 3.000000
63.000000 97.000000 0.000000 0.541035 2.000000
63.000000 93.000000 0.000000 0.568617 3.000000
64.000000 54.000000 0.000000 0.205264 2.000000
67.000000 51.000000 0.000000 0.337378 3.000000
61.000000 53.000000 0.000000 0.177985 2.000000
58.000000 51.000000 0.000000 0.336248 3.000000
63.000000 37.000000 0.000000 0.000000 0.000000
33.000000 0.000000 0.000000 0.050020 1.000000
28.000000 139.000000 0.000000 0.000513 0.000000
52.000000 105.000000 0.000000 0.042913 1.000000
104.000000 136.000000 0.000000 0.000750 0.000000
91.000000 0.000000 0.000000 0.050049 1.000000
72.000000 114.000000 0.000000 0.004619 0.000000
79.000000 112.000000 0.000000 0.052369 1.000000
69.000000 113.000000 0.000000 0.009353 0.000000
70.000000 114.000000 0.000000 0.053355 1.000000
58.000000 107.000000 0.000000 0.009670 0.000000
55.000000 119.000000 0.000000 0.010811 0.000000
48.000000 118.000000 0.000000 0.044258 1.000000
75.000000 138.000000 0.000000 0.015588 0.000000
78.000000 140.000000 0.000000 0.167230 1.000000
54.000000 142.000000 0.000000 0.023683 0.000000
51.000000 141.000000 0.000000 0.161060 1.000000
