65.000000 115.000000 0.000000 0.428637 2.000000
60.000000 130.000000 0.000000 0.789771 3.000000
62.000000 101.000000 0.000000 0.605092 3.000000
61.000000 53.000000 0.000000 0.178229 2.000000
58.000000 51.000000 0.000000 0.337211 3.000000
64.000000 54.000000 0.000000 0.204467 2.000000
67.000000 51.000000 0.000000 0.336066 3.000000
63.000000 37.000000 0.000000 0.000000 0.000000
80.000000 0.000000 0.000000 0.050036 1.000000
93.000000 129.000000 0.000000 0.000761 0.000000
75.000000 108.000000 0.000000 0.047682 1.000000
25.000000 126.000000 0.000000 0.001561 0.000000
50.000000 0.000000 0.000000 0.050049 1.000000
69.000000 109.000000 0.000000 0.011826 0.000000
51.000000 127.000000 0.000000 0.013840 0.000000
48.000000 129.000000 0.000000 0.156996 1.000000
70.000000 132.000000 0.000000 0.023073 0.000000
74.000000 130.000000 0.000000 0.150347 1.000000
58.000000 102.000000 0.000000 0.035721 0.000000
55.000000 99.000000 0.000000 0.064276 1.000000
