65.000000 126.000000 0.000000 0.317048 2.000000
66.000000 144.000000 0.000000 0.785605 3.000000
63.000000 99.000000 0.000000 0.546881 2.000000
64.000000 116.000000 0.000000 0.638315 3.000000
63.000000 95.000000 0.000000 0.578747 3.000000
64.000000 54.000000 0.000000 0.204806 2.000000
67.000000 51.000000 0.000000 0.337761 3.000000
61.000000 53.000000 0.000000 0.178226 2.000000
58.000000 51.000000 0.000000 0.335930 3.000000
63.000000 37.000000 0.000000 0.000000 0.000000
35.000000 0.000000 0.000000 0.050024 1.000000
30.000000 143.000000 0.000000 0.000475 0.000000
43.000000 119.000000 0.000000 0.030026 1.000000
108.000000 140.000000 0.000000 0.000589 0.000000
102.000000 0.000000 0.000000 0.050054 1.000000
52.000000 119.000000 0.000000 0.006087 0.000000
73.000000 117.000000 0.000000 0.011340 0.000000
80.000000 115.000000 0.000000 0.052938 1.000000
76.000000 142.000000 0.000000 0.014984 0.000000
80.000000 140.000000 0.000000 0.175817 1.000000
55.000000 146.000000 0.000000 0.032755 0.000000
52.000000 145.000000 0.000000 0.160279 1.000000
