60.000000 130.000000 0.000000 0.332712 2.000000
58.000000 147.000000 0.000000 0.772052 3.000000
62.000000 112.000000 0.000000 0.547185 2.000000
61.000000 120.000000 0.000000 0.684358 3.000000
62.000000 100.000000 0.000000 0.593217 3.000000
61.000000 53.000000 0.000000 0.178494 2.000000
58.000000 51.000000 0.000000 0.337961 3.000000
64.000000 54.000000 0.000000 0.204562 2.000000
67.000000 51.000000 0.000000 0.335959 3.000000
63.000000 37.000000 0.000000 0.000000 0.000000
79.000000 0.000000 0.000000 0.050044 1.000000
97.000000 146.000000 0.000000 0.000106 0.000000
84.000000 122.000000 0.000000 0.028423 1.000000
14.000000 142.000000 0.000000 0.000334 0.000000
38.000000 0.000000 0.000000 0.050049 1.000000
74.000000 122.000000 0.000000 0.002789 0.000000
56.000000 120.000000 0.000000 0.006447 0.000000
48.000000 118.000000 0.000000 0.064310 1.000000
48.000000 145.000000 0.000000 0.019727 0.000000
45.000000 146.000000 0.000000 0.177023 1.000000
68.000000 121.000000 0.000000 0.022379 0.000000
70.000000 120.000000 0.000000 0.074356 1.000000
69.000000 150.000000 0.000000 0.032402 0.000000
74.000000 148.000000 0.000000 0.163609 1.000000
