60.000000 142.000000 0.000000 0.416048 2.000000
57.000000 157.000000 0.000000 0.763588 3.000000
65.000000 119.000000 0.000000 0.469030 2.000000
61.000000 131.000000 0.000000 0.685962 3.000000
61.000000 105.000000 0.000000 0.527558 2.000000
63.000000 112.000000 0.000000 0.608827 3.000000
62.000000 93.000000 0.000000 0.581290 3.000000
61.000000 53.000000 0.000000 0.181590 2.000000
58.000000 51.000000 0.000000 0.340679 3.000000
64.000000 54.000000 0.000000 0.204017 2.000000
67.000000 51.000000 0.000000 0.338076 3.000000
63.000000 37.000000 0.000000 0.000000 0.000000
80.000000 0.000000 0.000000 0.050030 1.000000
99.000000 155.000000 0.000000 0.000114 0.000000
0.000000 141.000000 0.000000 0.000595 0.000000
4.000000 0.000000 0.000000 0.050072 1.000000
55.000000 132.000000 0.000000 0.007584 0.000000
48.000000 130.000000 0.000000 0.078348 1.000000
46.000000 154.000000 0.000000 0.011758 0.000000
43.000000 153.000000 0.000000 0.199723 1.000000
68.000000 131.000000 0.000000 0.019661 0.000000
69.000000 131.000000 0.000000 0.051746 1.000000
69.000000 159.000000 0.000000 0.027142 0.000000
73.000000 155.000000 0.000000 0.157134 1.000000
68.000000 113.000000 0.000000 0.038381 0.000000
69.000000 113.000000 0.000000 0.067356 1.000000
