66.000000 138.000000 0.000000 0.362545 2.000000
67.000000 154.000000 0.000000 0.776583 3.000000
61.000000 115.000000 0.000000 0.511050 2.000000
64.000000 128.000000 0.000000 0.692387 3.000000
64.000000 102.000000 0.000000 0.534904 2.000000
62.000000 108.000000 0.000000 0.597138 3.000000
63.000000 92.000000 0.000000 0.565208 3.000000
64.000000 54.000000 0.000000 0.205588 2.000000
67.000000 51.000000 0.000000 0.338156 3.000000
61.000000 53.000000 0.000000 0.177968 2.000000
58.000000 51.000000 0.000000 0.335570 3.000000
63.000000 37.000000 0.000000 0.000000 0.000000
43.000000 0.000000 0.000000 0.050004 1.000000
121.000000 148.000000 0.000000 0.000234 0.000000
82.000000 0.000000 0.000000 0.050071 1.000000
27.000000 153.000000 0.000000 0.000452 0.000000
45.000000 108.000000 0.000000 0.031722 1.000000
56.000000 109.000000 0.000000 0.005176 0.000000
56.000000 157.000000 0.000000 0.006134 0.000000
52.000000 155.000000 0.000000 0.164739 1.000000
78.000000 152.000000 0.000000 0.007274 0.000000
81.000000 151.000000 0.000000 0.188481 1.000000
73.000000 127.000000 0.000000 0.008943 0.000000
80.000000 126.000000 0.000000 0.059407 1.000000
57.000000 126.000000 0.000000 0.041669 0.000000
56.000000 126.000000 0.000000 0.066815 1.000000
