67.000000 119.000000 0.000000 0.296942 2.000000
59.000000 137.000000 0.000000 0.786611 3.000000
62.000000 107.000000 0.000000 0.623609 3.000000
61.000000 53.000000 0.000000 0.178516 2.000000
58.000000 51.000000 0.000000 0.337515 3.000000
64.000000 54.000000 0.000000 0.204536 2.000000
67.000000 51.000000 0.000000 0.335922 3.000000
63.000000 37.000000 0.000000 0.000000 0.000000
81.000000 0.000000 0.000000 0.050029 1.000000
95.000000 136.000000 0.000000 0.000725 0.000000
80.000000 114.000000 0.000000 0.035502 1.000000
22.000000 134.000000 0.000000 0.000844 0.000000
53.000000 0.000000 0.000000 0.050042 1.000000
50.000000 135.000000 0.000000 0.002036 0.000000
47.000000 136.000000 0.000000 0.162489 1.000000
73.000000 114.000000 0.000000 0.009010 0.000000
57.000000 109.000000 0.000000 0.010177 0.000000
50.000000 106.000000 0.000000 0.060354 1.000000
70.000000 139.000000 0.000000 0.010414 0.000000
74.000000 136.000000 0.000000 0.159667 1.000000
68.000000 113.000000 0.000000 0.021739 0.000000
69.000000 113.000000 0.000000 0.072173 1.000000
