61.000000 129.000000 0.000000 0.345210 2.000000
59.000000 145.000000 0.000000 0.742814 3.000000
63.000000 113.000000 0.000000 0.541729 2.000000
61.000000 118.000000 0.000000 0.624200 3.000000
62.000000 104.000000 0.000000 0.572102 2.000000
62.000000 101.000000 0.000000 0.597970 3.000000
63.000000 106.000000 0.000000 0.597218 3.000000
61.000000 53.000000 0.000000 0.181487 2.000000
58.000000 51.000000 0.000000 0.339868 3.000000
64.000000 54.000000 0.000000 0.203606 2.000000
67.000000 51.000000 0.000000 0.338684 3.000000
63.000000 37.000000 0.000000 0.000000 0.000000
79.000000 0.000000 0.000000 0.050017 1.000000
15.000000 141.000000 0.000000 0.000406 0.000000
33.000000 0.000000 0.000000 0.050054 1.000000
98.000000 145.000000 0.000000 0.000766 0.000000
83.000000 121.000000 0.000000 0.028754 1.000000
74.000000 122.000000 0.000000 0.004652 0.000000
68.000000 107.000000 0.000000 0.008687 0.000000
74.000000 106.000000 0.000000 0.039332 1.000000
53.000000 120.000000 0.000000 0.016467 0.000000
46.000000 118.000000 0.000000 0.059475 1.000000
70.000000 149.000000 0.000000 0.020236 0.000000
74.000000 147.000000 0.000000 0.160207 1.000000
49.000000 143.000000 0.000000 0.025180 0.000000
45.000000 141.000000 0.000000 0.178452 1.000000
69.000000 121.000000 0.000000 0.039091 0.000000
70.000000 121.000000 0.000000 0.073934 1.000000
