64.000000 121.000000 0.000000 0.344389 2.000000
65.000000 137.000000 0.000000 0.779703 3.000000
64.000000 110.000000 0.000000 0.602552 3.000000
64.000000 54.000000 0.000000 0.205208 2.000000
67.000000 51.000000 0.000000 0.337104 3.000000
61.000000 53.000000 0.000000 0.177986 2.000000
58.000000 51.000000 0.000000 0.336162 3.000000
63.000000 37.000000 0.000000 0.000000 0.000000
32.000000 0.000000 0.000000 0.050030 1.000000
29.000000 136.000000 0.000000 0.000495 0.000000
48.000000 115.000000 0.000000 0.046048 1.000000
102.000000 133.000000 0.000000 0.000520 0.000000
92.000000 0.000000 0.000000 0.050058 1.000000
70.000000 111.000000 0.000000 0.010202 0.000000
76.000000 108.000000 0.000000 0.058206 1.000000
55.000000 117.000000 0.000000 0.014922 0.000000
54.000000 139.000000 0.000000 0.019252 0.000000
51.000000 137.000000 0.000000 0.158748 1.000000
74.000000 134.000000 0.000000 0.033649 0.000000
78.000000 132.000000 0.000000 0.165447 1.000000
