61.000000 123.000000 0.000000 0.324513 2.000000
59.000000 140.000000 0.000000 0.775406 3.000000
62.000000 96.000000 0.000000 0.540658 2.000000
62.000000 112.000000 0.000000 0.631011 3.000000
62.000000 92.000000 0.000000 0.567367 3.000000
61.000000 53.000000 0.000000 0.178336 2.000000
58.000000 51.000000 0.000000 0.337332 3.000000
64.000000 54.000000 0.000000 0.204612 2.000000
67.000000 51.000000 0.000000 0.336215 3.000000
63.000000 37.000000 0.000000 0.000000 0.000000
81.000000 0.000000 0.000000 0.050005 1.000000
20.000000 136.000000 0.000000 0.000416 0.000000
19.000000 0.000000 0.000000 0.050065 1.000000
97.000000 139.000000 0.000000 0.000904 0.000000
80.000000 117.000000 0.000000 0.037007 1.000000
72.000000 118.000000 0.000000 0.005225 0.000000
50.000000 138.000000 0.000000 0.015416 0.000000
46.000000 138.000000 0.000000 0.165258 1.000000
55.000000 114.000000 0.000000 0.017350 0.000000
48.000000 112.000000 0.000000 0.058246 1.000000
68.000000 117.000000 0.000000 0.017481 0.000000
70.000000 117.000000 0.000000 0.045964 1.000000
70.000000 143.000000 0.000000 0.030078 0.000000
74.000000 141.000000 0.000000 0.167597 1.000000
