59.000000 141.000000 0.000000 0.394495 2.000000
58.000000 157.000000 0.000000 0.757814 3.000000
60.000000 129.000000 0.000000 0.652562 3.000000
62.000000 98.000000 0.000000 0.555618 2.000000
61.000000 105.000000 0.000000 0.597492 3.000000
62.000000 94.000000 0.000000 0.582489 3.000000
61.000000 111.000000 0.000000 0.548885 2.000000
62.000000 112.000000 0.000000 0.580243 3.000000
61.000000 53.000000 0.000000 0.181556 2.000000
58.000000 51.000000 0.000000 0.340705 3.000000
64.000000 54.000000 0.000000 0.203939 2.000000
67.000000 51.000000 0.000000 0.337922 3.000000
63.000000 37.000000 0.000000 0.000000 0.000000
84.000000 0.000000 0.000000 0.050001 1.000000
99.000000 155.000000 0.000000 0.000236 0.000000
75.000000 131.000000 0.000000 0.041317 1.000000
0.000000 142.000000 0.000000 0.000629 0.000000
7.000000 0.000000 0.000000 0.050036 1.000000
69.000000 133.000000 0.000000 0.006128 0.000000
50.000000 131.000000 0.000000 0.011667 0.000000
43.000000 129.000000 0.000000 0.056178 1.000000
54.000000 129.000000 0.000000 0.013643 0.000000
53.000000 129.000000 0.000000 0.063737 1.000000
69.000000 159.000000 0.000000 0.015980 0.000000
73.000000 155.000000 0.000000 0.156304 1.000000
46.000000 154.000000 0.000000 0.023434 0.000000
43.000000 153.000000 0.000000 0.198756 1.000000
68.000000 113.000000 0.000000 0.023965 0.000000
70.000000 114.000000 0.000000 0.112249 1.000000
65.000000 121.000000 0.000000 0.369284 2.000000
