61.000000 129.000000 0.000000 0.313949 2.000000
58.000000 147.000000 0.000000 0.770194 3.000000
61.000000 119.000000 0.000000 0.681845 3.000000
61.000000 53.000000 0.000000 0.178505 2.000000
58.000000 51.000000 0.000000 0.337835 3.000000
64.000000 54.000000 0.000000 0.204620 2.000000
67.000000 51.000000 0.000000 0.335974 3.000000
63.000000 37.000000 0.000000 0.000000 0.000000
84.000000 0.000000 0.000000 0.050023 1.000000
14.000000 142.000000 0.000000 0.000212 0.000000
39.000000 0.000000 0.000000 0.050039 1.000000
97.000000 146.000000 0.000000 0.000432 0.000000
54.000000 120.000000 0.000000 0.006405 0.000000
55.000000 119.000000 0.000000 0.047331 1.000000
56.000000 119.000000 0.000000 0.008151 0.000000
48.000000 145.000000 0.000000 0.021863 0.000000
45.000000 146.000000 0.000000 0.175724 1.000000
70.000000 149.000000 0.000000 0.033078 0.000000
74.000000 148.000000 0.000000 0.166316 1.000000
68.000000 120.000000 0.000000 0.041833 0.000000
70.000000 119.000000 0.000000 0.085071 1.000000
47.000000 118.000000 0.000000 0.059443 1.000000
