59.000000 140.000000 0.000000 0.389458 2.000000
58.000000 155.000000 0.000000 0.737609 3.000000
66.000000 121.000000 0.000000 0.423711 2.000000
61.000000 129.000000 0.000000 0.653098 3.000000
61.000000 101.000000 0.000000 0.556876 2.000000
62.000000 113.000000 0.000000 0.618622 3.000000
62.000000 97.000000 0.000000 0.592609 3.000000
61.000000 53.000000 0.000000 0.180729 2.000000
58.000000 51.000000 0.000000 0.340457 3.000000
64.000000 54.000000 0.000000 0.203939 2.000000
67.000000 51.000000 0.000000 0.338303 3.000000
63.000000 37.000000 0.000000 0.000000 0.000000
83.000000 0.000000 0.000000 0.050019 1.000000
100.000000 153.000000 0.000000 0.000230 0.000000
0.000000 140.000000 0.000000 0.000608 0.000000
22.000000 0.000000 0.000000 0.050050 1.000000
51.000000 129.000000 0.000000 0.014604 0.000000
44.000000 127.000000 0.000000 0.061103 1.000000
68.000000 115.000000 0.000000 0.021291 0.000000
69.000000 115.000000 0.000000 0.088503 1.000000
69.000000 158.000000 0.000000 0.023034 0.000000
73.000000 155.000000 0.000000 0.157186 1.000000
47.000000 152.000000 0.000000 0.023398 0.000000
42.000000 152.000000 0.000000 0.200582 1.000000
