62.000000 120.000000 0.000000 0.319070 2.000000
59.000000 136.000000 0.000000 0.760744 3.000000
63.000000 105.000000 0.000000 0.549369 2.000000
61.000000 109.000000 0.000000 0.609487 3.000000
63.000000 101.000000 0.000000 0.579480 3.000000
61.000000 53.000000 0.000000 0.178465 2.000000
58.000000 51.000000 0.000000 0.337310 3.000000
64.000000 54.000000 0.000000 0.204486 2.000000
67.000000 51.000000 0.000000 0.336116 3.000000
63.000000 37.000000 0.000000 0.000000 0.000000
84.000000 0.000000 0.000000 0.050034 1.000000
22.000000 132.000000 0.000000 0.000660 0.000000
23.000000 0.000000 0.000000 0.050040 1.000000
96.000000 135.000000 0.000000 0.000826 0.000000
80.000000 114.000000 0.000000 0.037450 1.000000
57.000000 109.000000 0.000000 0.004663 0.000000
51.000000 107.000000 0.000000 0.061849 1.000000
73.000000 115.000000 0.000000 0.005850 0.000000
50.000000 134.000000 0.000000 0.019751 0.000000
47.000000 135.000000 0.000000 0.163164 1.000000
71.000000 138.000000 0.000000 0.026801 0.000000
74.000000 138.000000 0.000000 0.161721 1.000000
