66.000000 139.000000 0.000000 0.391873 2.000000
67.000000 154.000000 0.000000 0.778364 3.000000
61.000000 114.000000 0.000000 0.452207 2.000000
64.000000 128.000000 0.000000 0.701289 3.000000
61.000000 109.000000 0.000000 0.542418 2.000000
63.000000 107.000000 0.000000 0.584691 3.000000
63.000000 105.000000 0.000000 0.540759 2.000000
64.000000 101.000000 0.000000 0.578057 3.000000
61.000000 110.000000 0.000000 0.569364 3.000000
64.000000 54.000000 0.000000 0.205092 2.000000
67.000000 51.000000 0.000000 0.338230 3.000000
61.000000 53.000000 0.000000 0.178282 2.000000
58.000000 51.000000 0.000000 0.335647 3.000000
63.000000 37.000000 0.000000 0.000000 0.000000
47.000000 0.000000 0.000000 0.050016 1.000000
123.000000 150.000000 0.000000 0.000104 0.000000
86.000000 0.000000 0.000000 0.050050 1.000000
27.000000 153.000000 0.000000 0.000640 0.000000
41.000000 110.000000 0.000000 0.029474 1.000000
53.000000 109.000000 0.000000 0.001047 0.000000
54.000000 129.000000 0.000000 0.005017 0.000000
45.000000 127.000000 0.000000 0.030541 1.000000
72.000000 129.000000 0.000000 0.007227 0.000000
78.000000 126.000000 0.000000 0.067860 1.000000
78.000000 152.000000 0.000000 0.017752 0.000000
82.000000 153.000000 0.000000 0.194523 1.000000
56.000000 156.000000 0.000000 0.023338 0.000000
52.000000 154.000000 0.000000 0.157788 1.000000
58.000000 108.000000 0.000000 0.025196 0.000000
57.000000 109.000000 0.000000 0.063350 1.000000
58.000000 127.000000 0.000000 0.026200 0.000000
56.000000 127.000000 0.000000 0.054494 1.000000
66.000000 116.000000 0.000000 0.068417 0.000000
70.000000 116.000000 0.000000 0.096013 1.000000
