64.000000 114.000000 0.000000 0.450910 2.000000
60.000000 130.000000 0.000000 0.791631 3.000000
62.000000 102.000000 0.000000 0.605780 3.000000
61.000000 53.000000 0.000000 0.178457 2.000000
58.000000 51.000000 0.000000 0.337125 3.000000
64.000000 54.000000 0.000000 0.204543 2.000000
67.000000 51.000000 0.000000 0.335925 3.000000
63.000000 37.000000 0.000000 0.000000 0.000000
86.000000 0.000000 0.000000 0.050027 1.000000
93.000000 129.000000 0.000000 0.001096 0.000000
26.000000 127.000000 0.000000 0.001199 0.000000
42.000000 0.000000 0.000000 0.050045 1.000000
68.000000 110.000000 0.000000 0.007120 0.000000
74.000000 108.000000 0.000000 0.052926 1.000000
51.000000 129.000000 0.000000 0.009465 0.000000
48.000000 130.000000 0.000000 0.158925 1.000000
58.000000 103.000000 0.000000 0.033043 0.000000
54.000000 100.000000 0.000000 0.065044 1.000000
70.000000 132.000000 0.000000 0.034800 0.000000
74.000000 130.000000 0.000000 0.152467 1.000000
