60.000000 144.000000 0.000000 0.488184 2.000000
59.000000 159.000000 0.000000 0.743963 3.000000
63.000000 137.000000 0.000000 0.647099 3.000000
62.000000 110.000000 0.000000 0.570903 2.000000
62.000000 108.000000 0.000000 0.612076 3.000000
63.000000 111.000000 0.000000 0.604381 3.000000
61.000000 53.000000 0.000000 0.181243 2.000000
58.000000 51.000000 0.000000 0.340329 3.000000
64.000000 54.000000 0.000000 0.203891 2.000000
67.000000 51.000000 0.000000 0.338283 3.000000
63.000000 37.000000 0.000000 0.000000 0.000000
75.000000 0.000000 0.000000 0.050015 1.000000
103.000000 156.000000 0.000000 0.000265 0.000000
84.000000 113.000000 0.000000 0.029816 1.000000
0.000000 141.000000 0.000000 0.000882 0.000000
16.000000 0.000000 0.000000 0.050056 1.000000
72.000000 112.000000 0.000000 0.004737 0.000000
69.000000 134.000000 0.000000 0.005236 0.000000
80.000000 133.000000 0.000000 0.031641 1.000000
54.000000 119.000000 0.000000 0.007922 0.000000
47.000000 117.000000 0.000000 0.054617 1.000000
70.000000 161.000000 0.000000 0.019167 0.000000
74.000000 158.000000 0.000000 0.158169 1.000000
47.000000 155.000000 0.000000 0.025032 0.000000
42.000000 159.000000 0.000000 0.209670 1.000000
68.000000 112.000000 0.000000 0.043299 0.000000
69.000000 112.000000 0.000000 0.073944 1.000000
56.000000 137.000000 0.000000 0.046635 0.000000
51.000000 135.000000 0.000000 0.108302 1.000000
59.000000 124.000000 0.000000 0.376144 2.000000
