65.000000 127.000000 0.000000 0.355810 2.000000
66.000000 143.000000 0.000000 0.768129 3.000000
62.000000 100.000000 0.000000 0.556379 2.000000
64.000000 117.000000 0.000000 0.649745 3.000000
63.000000 97.000000 0.000000 0.585014 3.000000
64.000000 54.000000 0.000000 0.205179 2.000000
67.000000 51.000000 0.000000 0.337541 3.000000
61.000000 53.000000 0.000000 0.178042 2.000000
58.000000 51.000000 0.000000 0.336032 3.000000
63.000000 37.000000 0.000000 0.000000 0.000000
30.000000 0.000000 0.000000 0.050039 1.000000
28.000000 142.000000 0.000000 0.000418 0.000000
45.000000 119.000000 0.000000 0.034592 1.000000
107.000000 139.000000 0.000000 0.000512 0.000000
108.000000 0.000000 0.000000 0.050051 1.000000
53.000000 121.000000 0.000000 0.008806 0.000000
72.000000 117.000000 0.000000 0.012812 0.000000
78.000000 116.000000 0.000000 0.057044 1.000000
55.000000 146.000000 0.000000 0.017247 0.000000
51.000000 144.000000 0.000000 0.160888 1.000000
76.000000 141.000000 0.000000 0.020799 0.000000
79.000000 143.000000 0.000000 0.173560 1.000000
69.000000 116.000000 0.000000 0.024666 0.000000
69.000000 117.000000 0.000000 0.062725 1.000000
