65.000000 127.000000 0.000000 0.334721 2.000000
66.000000 144.000000 0.000000 0.784680 3.000000
62.000000 108.000000 0.000000 0.549491 2.000000
64.000000 117.000000 0.000000 0.666551 3.000000
63.000000 97.000000 0.000000 0.581588 3.000000
64.000000 54.000000 0.000000 0.204874 2.000000
67.000000 51.000000 0.000000 0.337701 3.000000
61.000000 53.000000 0.000000 0.178183 2.000000
58.000000 51.000000 0.000000 0.336017 3.000000
63.000000 37.000000 0.000000 0.000000 0.000000
42.000000 0.000000 0.000000 0.050022 1.000000
29.000000 143.000000 0.000000 0.000402 0.000000
43.000000 120.000000 0.000000 0.031176 1.000000
109.000000 140.000000 0.000000 0.000466 0.000000
85.000000 0.000000 0.000000 0.050045 1.000000
52.000000 120.000000 0.000000 0.005619 0.000000
71.000000 118.000000 0.000000 0.011555 0.000000
77.000000 115.000000 0.000000 0.060594 1.000000
76.000000 142.000000 0.000000 0.014236 0.000000
80.000000 140.000000 0.000000 0.176090 1.000000
55.000000 146.000000 0.000000 0.025509 0.000000
52.000000 145.000000 0.000000 0.159935 1.000000
