65.000000 131.000000 0.000000 0.351266 2.000000
66.000000 147.000000 0.000000 0.768197 3.000000
63.000000 117.000000 0.000000 0.585638 2.000000
64.000000 120.000000 0.000000 0.630068 3.000000
62.000000 114.000000 0.000000 0.611416 3.000000
63.000000 101.000000 0.000000 0.558063 2.000000
63.000000 98.000000 0.000000 0.588975 3.000000
64.000000 54.000000 0.000000 0.203973 2.000000
67.000000 51.000000 0.000000 0.339274 3.000000
61.000000 53.000000 0.000000 0.180005 2.000000
58.000000 51.000000 0.000000 0.337309 3.000000
63.000000 37.000000 0.000000 0.000000 0.000000
44.000000 0.000000 0.000000 0.050017 1.000000
111.000000 142.000000 0.000000 0.000442 0.000000
81.000000 119.000000 0.000000 0.049107 1.000000
27.000000 145.000000 0.000000 0.000824 0.000000
44.000000 121.000000 0.000000 0.031716 1.000000
74.000000 120.000000 0.000000 0.003571 0.000000
53.000000 123.000000 0.000000 0.004760 0.000000
55.000000 149.000000 0.000000 0.005950 0.000000
51.000000 147.000000 0.000000 0.158031 1.000000
76.000000 144.000000 0.000000 0.020972 0.000000
80.000000 142.000000 0.000000 0.180634 1.000000
97.000000 0.000000 0.000000 0.050043 1.000000
