64.000000 126.000000 0.000000 0.315518 2.000000
66.000000 144.000000 0.000000 0.782564 3.000000
62.000000 100.000000 0.000000 0.555776 2.000000
64.000000 117.000000 0.000000 0.661094 3.000000
63.000000 96.000000 0.000000 0.581023 3.000000
64.000000 54.000000 0.000000 0.205413 2.000000
67.000000 51.000000 0.000000 0.337927 3.000000
61.000000 53.000000 0.000000 0.178044 2.000000
58.000000 51.000000 0.000000 0.336015 3.000000
63.000000 37.000000 0.000000 0.000000 0.000000
42.000000 0.000000 0.000000 0.050016 1.000000
108.000000 140.000000 0.000000 0.000200 0.000000
101.000000 0.000000 0.000000 0.050049 1.000000
29.000000 144.000000 0.000000 0.000743 0.000000
76.000000 142.000000 0.000000 0.004813 0.000000
80.000000 142.000000 0.000000 0.171139 1.000000
71.000000 117.000000 0.000000 0.010758 0.000000
69.000000 117.000000 0.000000 0.052044 1.000000
55.000000 146.000000 0.000000 0.022389 0.000000
52.000000 145.000000 0.000000 0.164253 1.000000
69.000000 116.000000 0.000000 0.024323 0.000000
57.000000 119.000000 0.000000 0.026133 0.000000
56.000000 118.000000 0.000000 0.061732 1.000000
78.000000 115.000000 0.000000 0.056864 1.000000
