61.000000 114.000000 0.000000 0.420202 2.000000
65.000000 131.000000 0.000000 0.791511 3.000000
63.000000 102.000000 0.000000 0.594253 3.000000
64.000000 54.000000 0.000000 0.205356 2.000000
67.000000 51.000000 0.000000 0.337370 3.000000
61.000000 53.000000 0.000000 0.177794 2.000000
58.000000 51.000000 0.000000 0.335757 3.000000
63.000000 37.000000 0.000000 0.000000 0.000000
45.000000 0.000000 0.000000 0.050033 1.000000
32.000000 129.000000 0.000000 0.000548 0.000000
100.000000 127.000000 0.000000 0.001010 0.000000
96.000000 0.000000 0.000000 0.050042 1.000000
57.000000 110.000000 0.000000 0.008334 0.000000
51.000000 109.000000 0.000000 0.054012 1.000000
74.000000 129.000000 0.000000 0.010643 0.000000
77.000000 129.000000 0.000000 0.159609 1.000000
55.000000 132.000000 0.000000 0.021957 0.000000
52.000000 130.000000 0.000000 0.147430 1.000000
68.000000 104.000000 0.000000 0.026241 0.000000
73.000000 101.000000 0.000000 0.063338 1.000000
