65.000000 115.000000 0.000000 0.424589 2.000000
60.000000 130.000000 0.000000 0.789473 3.000000
62.000000 101.000000 0.000000 0.603882 3.000000
61.000000 53.000000 0.000000 0.178413 2.000000
58.000000 51.000000 0.000000 0.337319 3.000000
64.000000 54.000000 0.000000 0.204413 2.000000
67.000000 51.000000 0.000000 0.335981 3.000000
63.000000 37.000000 0.000000 0.000000 0.000000
88.000000 0.000000 0.000000 0.050041 1.000000
93.000000 129.000000 0.000000 0.000533 0.000000
75.000000 108.000000 0.000000 0.049007 1.000000
25.000000 126.000000 0.000000 0.001873 0.000000
22.000000 0.000000 0.000000 0.050058 1.000000
69.000000 110.000000 0.000000 0.009493 0.000000
51.000000 127.000000 0.000000 0.013947 0.000000
48.000000 129.000000 0.000000 0.157222 1.000000
70.000000 132.000000 0.000000 0.023809 0.000000
73.000000 131.000000 0.000000 0.149709 1.000000
58.000000 103.000000 0.000000 0.035076 0.000000
54.000000 100.000000 0.000000 0.064712 1.000000
