61.000000 123.000000 0.000000 0.296159 2.000000
59.000000 140.000000 0.000000 0.777795 3.000000
61.000000 111.000000 0.000000 0.608217 2.000000
62.000000 110.000000 0.000000 0.643112 3.000000
61.000000 112.000000 0.000000 0.639744 3.000000
61.000000 53.000000 0.000000 0.178530 2.000000
58.000000 51.000000 0.000000 0.337669 3.000000
64.000000 54.000000 0.000000 0.204446 2.000000
67.000000 51.000000 0.000000 0.335947 3.000000
63.000000 37.000000 0.000000 0.000000 0.000000
79.000000 0.000000 0.000000 0.050026 1.000000
20.000000 136.000000 0.000000 0.000742 0.000000
25.000000 0.000000 0.000000 0.050075 1.000000
95.000000 140.000000 0.000000 0.001023 0.000000
83.000000 116.000000 0.000000 0.031109 1.000000
74.000000 117.000000 0.000000 0.004864 0.000000
70.000000 143.000000 0.000000 0.012702 0.000000
74.000000 140.000000 0.000000 0.163867 1.000000
55.000000 113.000000 0.000000 0.015807 0.000000
49.000000 110.000000 0.000000 0.059887 1.000000
49.000000 139.000000 0.000000 0.033203 0.000000
46.000000 139.000000 0.000000 0.168741 1.000000
