61.000000 120.000000 0.000000 0.313973 2.000000
59.000000 137.000000 0.000000 0.778500 3.000000
61.000000 110.000000 0.000000 0.617896 3.000000
61.000000 53.000000 0.000000 0.178605 2.000000
58.000000 51.000000 0.000000 0.337494 3.000000
64.000000 54.000000 0.000000 0.204515 2.000000
67.000000 51.000000 0.000000 0.335813 3.000000
63.000000 37.000000 0.000000 0.000000 0.000000
81.000000 0.000000 0.000000 0.050042 1.000000
22.000000 133.000000 0.000000 0.000316 0.000000
29.000000 0.000000 0.000000 0.050047 1.000000
95.000000 136.000000 0.000000 0.000517 0.000000
79.000000 114.000000 0.000000 0.037348 1.000000
72.000000 115.000000 0.000000 0.004964 0.000000
50.000000 135.000000 0.000000 0.005907 0.000000
46.000000 136.000000 0.000000 0.163539 1.000000
70.000000 139.000000 0.000000 0.011577 0.000000
74.000000 136.000000 0.000000 0.158350 1.000000
56.000000 110.000000 0.000000 0.014285 0.000000
49.000000 107.000000 0.000000 0.060073 1.000000
68.000000 114.000000 0.000000 0.020349 0.000000
69.000000 115.000000 0.000000 0.056119 1.000000
