57.000000 149.000000 0.000000 0.436504 2.000000
57.000000 164.000000 0.000000 0.750354 3.000000
58.000000 137.000000 0.000000 0.663792 3.000000
67.000000 127.000000 0.000000 0.250621 2.000000
60.000000 112.000000 0.000000 0.614557 3.000000
61.000000 53.000000 0.000000 0.181618 2.000000
58.000000 51.000000 0.000000 0.341185 3.000000
64.000000 54.000000 0.000000 0.203468 2.000000
67.000000 51.000000 0.000000 0.337685 3.000000
63.000000 37.000000 0.000000 0.000000 0.000000
87.000000 0.000000 0.000000 0.049986 1.000000
100.000000 161.000000 0.000000 0.000250 0.000000
0.000000 140.000000 0.000000 0.001346 0.000000
48.000000 102.000000 0.000000 0.044843 1.000000
45.000000 160.000000 0.000000 0.004628 0.000000
40.000000 163.000000 0.000000 0.205934 1.000000
49.000000 137.000000 0.000000 0.005624 0.000000
51.000000 137.000000 0.000000 0.048009 1.000000
53.000000 135.000000 0.000000 0.009454 0.000000
56.000000 111.000000 0.000000 0.015520 0.000000
68.000000 166.000000 0.000000 0.015834 0.000000
72.000000 160.000000 0.000000 0.155628 1.000000
66.000000 142.000000 0.000000 0.020965 0.000000
72.000000 141.000000 0.000000 0.067450 1.000000
70.000000 117.000000 0.000000 0.042950 0.000000
72.000000 118.000000 0.000000 0.147354 1.000000
47.000000 0.000000 0.000000 0.050086 1.000000
42.000000 134.000000 0.000000 0.056466 1.000000
