61.000000 123.000000 0.000000 0.334838 2.000000
59.000000 140.000000 0.000000 0.766380 3.000000
62.000000 112.000000 0.000000 0.631515 3.000000
61.000000 53.000000 0.000000 0.178420 2.000000
58.000000 51.000000 0.000000 0.337302 3.000000
64.000000 54.000000 0.000000 0.204609 2.000000
67.000000 51.000000 0.000000 0.336182 3.000000
63.000000 37.000000 0.000000 0.000000 0.000000
26.000000 0.000000 0.000000 0.050033 1.000000
21.000000 136.000000 0.000000 0.000210 0.000000
98.000000 139.000000 0.000000 0.000745 0.000000
80.000000 117.000000 0.000000 0.038388 1.000000
71.000000 142.000000 0.000000 0.007596 0.000000
75.000000 140.000000 0.000000 0.165723 1.000000
57.000000 113.000000 0.000000 0.008527 0.000000
51.000000 111.000000 0.000000 0.064014 1.000000
73.000000 118.000000 0.000000 0.008879 0.000000
68.000000 117.000000 0.000000 0.014144 0.000000
70.000000 118.000000 0.000000 0.054250 1.000000
50.000000 138.000000 0.000000 0.017221 0.000000
47.000000 139.000000 0.000000 0.166229 1.000000
80.000000 0.000000 0.000000 0.050056 1.000000
