60.000000 117.000000 0.000000 0.344408 2.000000
65.000000 133.000000 0.000000 0.783471 3.000000
64.000000 106.000000 0.000000 0.568181 2.000000
63.000000 105.000000 0.000000 0.608142 3.000000
64.000000 107.000000 0.000000 0.597198 3.000000
64.000000 54.000000 0.000000 0.205243 2.000000
67.000000 51.000000 0.000000 0.337207 3.000000
61.000000 53.000000 0.000000 0.178048 2.000000
58.000000 51.000000 0.000000 0.336234 3.000000
63.000000 37.000000 0.000000 0.000000 0.000000
36.000000 0.000000 0.000000 0.050046 1.000000
101.000000 130.000000 0.000000 0.000336 0.000000
93.000000 0.000000 0.000000 0.050059 1.000000
30.000000 132.000000 0.000000 0.001183 0.000000
49.000000 112.000000 0.000000 0.046489 1.000000
55.000000 113.000000 0.000000 0.007428 0.000000
68.000000 107.000000 0.000000 0.009036 0.000000
74.000000 104.000000 0.000000 0.062114 1.000000
74.000000 131.000000 0.000000 0.021516 0.000000
78.000000 130.000000 0.000000 0.159679 1.000000
54.000000 135.000000 0.000000 0.028400 0.000000
51.000000 134.000000 0.000000 0.157811 1.000000
