66.000000 152.000000 0.000000 0.520778 2.000000
68.000000 164.000000 0.000000 0.762967 3.000000
65.000000 141.000000 0.000000 0.684250 3.000000
64.000000 116.000000 0.000000 0.475259 2.000000
64.000000 106.000000 0.000000 0.612747 3.000000
59.000000 118.000000 0.000000 0.500942 3.000000
64.000000 54.000000 0.000000 0.204406 2.000000
67.000000 51.000000 0.000000 0.341230 3.000000
61.000000 53.000000 0.000000 0.181409 2.000000
58.000000 51.000000 0.000000 0.337672 3.000000
57.000000 123.000000 0.000000 0.285273 2.000000
62.000000 126.000000 0.000000 0.321880 3.000000
63.000000 37.000000 0.000000 0.000000 0.000000
44.000000 0.000000 0.000000 0.050019 1.000000
25.000000 162.000000 0.000000 0.000085 0.000000
51.000000 140.000000 0.000000 0.047778 1.000000
126.000000 141.000000 0.000000 0.000695 0.000000
83.000000 103.000000 0.000000 0.040641 1.000000
71.000000 108.000000 0.000000 0.006956 0.000000
58.000000 139.000000 0.000000 0.014322 0.000000
57.000000 166.000000 0.000000 0.023007 0.000000
53.000000 163.000000 0.000000 0.153694 1.000000
80.000000 161.000000 0.000000 0.023977 0.000000
86.000000 164.000000 0.000000 0.209736 1.000000
68.000000 124.000000 0.000000 0.038638 0.000000
73.000000 123.000000 0.000000 0.074470 1.000000
56.000000 115.000000 0.000000 0.040497 0.000000
53.000000 116.000000 0.000000 0.137229 1.000000
71.000000 142.000000 0.000000 0.060971 0.000000
75.000000 139.000000 0.000000 0.107253 1.000000
63.000000 129.000000 0.000000 0.277562 2.000000
99.000000 0.000000 0.000000 0.050042 1.000000
