64.000000 120.000000 0.000000 0.303920 2.000000
66.000000 137.000000 0.000000 0.782326 3.000000
63.000000 107.000000 0.000000 0.626848 3.000000
64.000000 54.000000 0.000000 0.205300 2.000000
67.000000 51.000000 0.000000 0.337382 3.000000
61.000000 53.000000 0.000000 0.178001 2.000000
58.000000 51.000000 0.000000 0.336143 3.000000
63.000000 37.000000 0.000000 0.000000 0.000000
42.000000 0.000000 0.000000 0.050029 1.000000
30.000000 136.000000 0.000000 0.000220 0.000000
45.000000 114.000000 0.000000 0.035746 1.000000
103.000000 133.000000 0.000000 0.000498 0.000000
90.000000 0.000000 0.000000 0.050041 1.000000
75.000000 135.000000 0.000000 0.005419 0.000000
78.000000 136.000000 0.000000 0.164583 1.000000
52.000000 115.000000 0.000000 0.006548 0.000000
55.000000 139.000000 0.000000 0.018093 0.000000
51.000000 137.000000 0.000000 0.159589 1.000000
69.000000 110.000000 0.000000 0.018230 0.000000
74.000000 107.000000 0.000000 0.062322 1.000000
57.000000 114.000000 0.000000 0.034816 0.000000
55.000000 115.000000 0.000000 0.062632 1.000000
