60.000000 126.000000 0.000000 0.335116 2.000000
59.000000 143.000000 0.000000 0.770372 3.000000
63.000000 111.000000 0.000000 0.554140 2.000000
61.000000 116.000000 0.000000 0.640322 3.000000
63.000000 101.000000 0.000000 0.550231 2.000000
62.000000 99.000000 0.000000 0.587403 3.000000
63.000000 103.000000 0.000000 0.579630 3.000000
61.000000 53.000000 0.000000 0.178417 2.000000
58.000000 51.000000 0.000000 0.337678 3.000000
64.000000 54.000000 0.000000 0.204472 2.000000
67.000000 51.000000 0.000000 0.335844 3.000000
63.000000 37.000000 0.000000 0.000000 0.000000
82.000000 0.000000 0.000000 0.050021 1.000000
17.000000 139.000000 0.000000 0.000193 0.000000
37.000000 0.000000 0.000000 0.050050 1.000000
96.000000 142.000000 0.000000 0.000857 0.000000
82.000000 119.000000 0.000000 0.031595 1.000000
73.000000 120.000000 0.000000 0.001300 0.000000
49.000000 141.000000 0.000000 0.007038 0.000000
45.000000 141.000000 0.000000 0.172867 1.000000
67.000000 103.000000 0.000000 0.009365 0.000000
76.000000 100.000000 0.000000 0.037262 1.000000
70.000000 146.000000 0.000000 0.011105 0.000000
74.000000 144.000000 0.000000 0.162430 1.000000
53.000000 117.000000 0.000000 0.012023 0.000000
47.000000 115.000000 0.000000 0.057002 1.000000
68.000000 119.000000 0.000000 0.021933 0.000000
69.000000 119.000000 0.000000 0.057271 1.000000
