59.000000 150.000000 0.000000 0.466592 2.000000
56.000000 164.000000 0.000000 0.753828 3.000000
61.000000 139.000000 0.000000 0.667018 3.000000
62.000000 112.000000 0.000000 0.464221 2.000000
61.000000 105.000000 0.000000 0.612718 3.000000
63.000000 113.000000 0.000000 0.468888 2.000000
65.000000 116.000000 0.000000 0.554195 3.000000
62.000000 113.000000 0.000000 0.500859 3.000000
61.000000 53.000000 0.000000 0.181197 2.000000
58.000000 51.000000 0.000000 0.340641 3.000000
64.000000 54.000000 0.000000 0.203553 2.000000
67.000000 51.000000 0.000000 0.337699 3.000000
63.000000 37.000000 0.000000 0.000000 0.000000
76.000000 0.000000 0.000000 0.049981 1.000000
100.000000 161.000000 0.000000 0.000304 0.000000
0.000000 139.000000 0.000000 0.001328 0.000000
46.000000 100.000000 0.000000 0.041583 1.000000
55.000000 105.000000 0.000000 0.008101 0.000000
68.000000 166.000000 0.000000 0.017421 0.000000
72.000000 162.000000 0.000000 0.159390 1.000000
54.000000 140.000000 0.000000 0.018898 0.000000
48.000000 136.000000 0.000000 0.091486 1.000000
45.000000 159.000000 0.000000 0.026928 0.000000
40.000000 163.000000 0.000000 0.213131 1.000000
58.000000 124.000000 0.000000 0.036048 0.000000
53.000000 123.000000 0.000000 0.085211 1.000000
69.000000 115.000000 0.000000 0.045956 0.000000
70.000000 116.000000 0.000000 0.101243 1.000000
61.000000 127.000000 0.000000 0.387234 2.000000
57.000000 0.000000 0.000000 0.050064 1.000000
