66.000000 142.000000 0.000000 0.390934 2.000000
68.000000 158.000000 0.000000 0.774564 3.000000
61.000000 119.000000 0.000000 0.470402 2.000000
64.000000 130.000000 0.000000 0.707840 3.000000
63.000000 105.000000 0.000000 0.521601 2.000000
62.000000 111.000000 0.000000 0.601897 3.000000
63.000000 97.000000 0.000000 0.543046 2.000000
64.000000 99.000000 0.000000 0.579161 3.000000
63.000000 93.000000 0.000000 0.567443 3.000000
64.000000 54.000000 0.000000 0.204015 2.000000
67.000000 51.000000 0.000000 0.339561 3.000000
61.000000 53.000000 0.000000 0.179912 2.000000
58.000000 51.000000 0.000000 0.336914 3.000000
63.000000 37.000000 0.000000 0.000000 0.000000
47.000000 0.000000 0.000000 0.050017 1.000000
126.000000 160.000000 0.000000 0.000312 0.000000
96.000000 0.000000 0.000000 0.050053 1.000000
26.000000 156.000000 0.000000 0.000403 0.000000
40.000000 114.000000 0.000000 0.028915 1.000000
54.000000 112.000000 0.000000 0.003340 0.000000
54.000000 131.000000 0.000000 0.004963 0.000000
45.000000 129.000000 0.000000 0.029537 1.000000
73.000000 132.000000 0.000000 0.006841 0.000000
80.000000 130.000000 0.000000 0.063044 1.000000
56.000000 160.000000 0.000000 0.019920 0.000000
52.000000 157.000000 0.000000 0.162664 1.000000
58.000000 111.000000 0.000000 0.023336 0.000000
57.000000 111.000000 0.000000 0.057813 1.000000
79.000000 155.000000 0.000000 0.031090 0.000000
83.000000 155.000000 0.000000 0.195739 1.000000
