60.000000 147.000000 0.000000 0.450567 2.000000
57.000000 160.000000 0.000000 0.754277 3.000000
61.000000 136.000000 0.000000 0.657238 3.000000
64.000000 114.000000 0.000000 0.565619 2.000000
63.000000 114.000000 0.000000 0.609959 3.000000
64.000000 115.000000 0.000000 0.598592 3.000000
61.000000 126.000000 0.000000 0.405521 2.000000
63.000000 124.000000 0.000000 0.438324 3.000000
61.000000 53.000000 0.000000 0.181447 2.000000
58.000000 51.000000 0.000000 0.340656 3.000000
64.000000 54.000000 0.000000 0.203728 2.000000
67.000000 51.000000 0.000000 0.337749 3.000000
63.000000 37.000000 0.000000 0.000000 0.000000
83.000000 0.000000 0.000000 0.049978 1.000000
99.000000 158.000000 0.000000 0.000337 0.000000
0.000000 139.000000 0.000000 0.000972 0.000000
39.000000 0.000000 0.000000 0.050057 1.000000
68.000000 163.000000 0.000000 0.018089 0.000000
72.000000 159.000000 0.000000 0.157597 1.000000
45.000000 157.000000 0.000000 0.022771 0.000000
41.000000 160.000000 0.000000 0.208574 1.000000
58.000000 123.000000 0.000000 0.027256 0.000000
51.000000 122.000000 0.000000 0.075340 1.000000
69.000000 114.000000 0.000000 0.050293 0.000000
69.000000 115.000000 0.000000 0.107883 1.000000
56.000000 137.000000 0.000000 0.062546 0.000000
52.000000 134.000000 0.000000 0.109107 1.000000
66.000000 122.000000 0.000000 0.381331 2.000000
