62.000000 120.000000 0.000000 0.316439 2.000000
59.000000 137.000000 0.000000 0.778035 3.000000
61.000000 109.000000 0.000000 0.583220 2.000000
62.000000 108.000000 0.000000 0.618710 3.000000
61.000000 110.000000 0.000000 0.613173 3.000000
61.000000 53.000000 0.000000 0.178372 2.000000
58.000000 51.000000 0.000000 0.337204 3.000000
64.000000 54.000000 0.000000 0.204520 2.000000
67.000000 51.000000 0.000000 0.336125 3.000000
63.000000 37.000000 0.000000 0.000000 0.000000
87.000000 0.000000 0.000000 0.050010 1.000000
22.000000 133.000000 0.000000 0.000583 0.000000
19.000000 0.000000 0.000000 0.050046 1.000000
96.000000 136.000000 0.000000 0.000654 0.000000
78.000000 114.000000 0.000000 0.041144 1.000000
71.000000 116.000000 0.000000 0.013193 0.000000
56.000000 110.000000 0.000000 0.014360 0.000000
50.000000 108.000000 0.000000 0.059720 1.000000
50.000000 135.000000 0.000000 0.018430 0.000000
47.000000 136.000000 0.000000 0.163925 1.000000
71.000000 139.000000 0.000000 0.033715 0.000000
74.000000 138.000000 0.000000 0.165422 1.000000
