66.000000 146.000000 0.000000 0.416078 2.000000
68.000000 161.000000 0.000000 0.768361 3.000000
63.000000 134.000000 0.000000 0.688292 3.000000
63.000000 101.000000 0.000000 0.558957 2.000000
64.000000 103.000000 0.000000 0.597756 3.000000
63.000000 109.000000 0.000000 0.513407 2.000000
61.000000 113.000000 0.000000 0.590241 3.000000
63.000000 98.000000 0.000000 0.583731 3.000000
64.000000 54.000000 0.000000 0.204103 2.000000
67.000000 51.000000 0.000000 0.340909 3.000000
61.000000 53.000000 0.000000 0.181254 2.000000
58.000000 51.000000 0.000000 0.337696 3.000000
63.000000 37.000000 0.000000 0.000000 0.000000
48.000000 0.000000 0.000000 0.049996 1.000000
126.000000 168.000000 0.000000 0.000386 0.000000
76.000000 96.000000 0.000000 0.042985 1.000000
26.000000 158.000000 0.000000 0.000523 0.000000
57.000000 163.000000 0.000000 0.011440 0.000000
53.000000 160.000000 0.000000 0.157395 1.000000
69.000000 103.000000 0.000000 0.013525 0.000000
71.000000 135.000000 0.000000 0.014275 0.000000
79.000000 133.000000 0.000000 0.073385 1.000000
68.000000 121.000000 0.000000 0.020704 0.000000
74.000000 120.000000 0.000000 0.072652 1.000000
57.000000 133.000000 0.000000 0.027084 0.000000
56.000000 134.000000 0.000000 0.051420 1.000000
80.000000 158.000000 0.000000 0.028199 0.000000
84.000000 156.000000 0.000000 0.205470 1.000000
57.000000 112.000000 0.000000 0.038073 0.000000
56.000000 113.000000 0.000000 0.087416 1.000000
65.000000 124.000000 0.000000 0.381016 2.000000
119.000000 0.000000 0.000000 0.050063 1.000000
