59.000000 146.000000 0.000000 0.472081 2.000000
58.000000 160.000000 0.000000 0.753174 3.000000
61.000000 135.000000 0.000000 0.697128 3.000000
61.000000 101.000000 0.000000 0.570211 2.000000
61.000000 103.000000 0.000000 0.598072 3.000000
62.000000 99.000000 0.000000 0.596771 3.000000
62.000000 110.000000 0.000000 0.504517 2.000000
65.000000 114.000000 0.000000 0.566022 3.000000
61.000000 53.000000 0.000000 0.181610 2.000000
58.000000 51.000000 0.000000 0.340680 3.000000
64.000000 54.000000 0.000000 0.203674 2.000000
67.000000 51.000000 0.000000 0.337789 3.000000
63.000000 37.000000 0.000000 0.000000 0.000000
82.000000 0.000000 0.000000 0.049989 1.000000
102.000000 158.000000 0.000000 0.000406 0.000000
89.000000 115.000000 0.000000 0.026445 1.000000
0.000000 142.000000 0.000000 0.001053 0.000000
44.000000 96.000000 0.000000 0.040983 1.000000
76.000000 113.000000 0.000000 0.001494 0.000000
55.000000 103.000000 0.000000 0.003682 0.000000
69.000000 136.000000 0.000000 0.006955 0.000000
77.000000 135.000000 0.000000 0.039882 1.000000
54.000000 136.000000 0.000000 0.012562 0.000000
48.000000 134.000000 0.000000 0.080613 1.000000
46.000000 157.000000 0.000000 0.013760 0.000000
42.000000 160.000000 0.000000 0.204710 1.000000
57.000000 121.000000 0.000000 0.018524 0.000000
52.000000 120.000000 0.000000 0.074346 1.000000
69.000000 162.000000 0.000000 0.020530 0.000000
73.000000 157.000000 0.000000 0.161159 1.000000
68.000000 112.000000 0.000000 0.058381 0.000000
70.000000 113.000000 0.000000 0.105053 1.000000
60.000000 124.000000 0.000000 0.350161 2.000000
20.000000 0.000000 0.000000 0.050045 1.000000
