65.000000 131.000000 0.000000 0.364469 2.000000
66.000000 147.000000 0.000000 0.765216 3.000000
62.000000 108.000000 0.000000 0.558460 2.000000
64.000000 120.000000 0.000000 0.668959 3.000000
63.000000 103.000000 0.000000 0.546498 2.000000
63.000000 100.000000 0.000000 0.592801 3.000000
62.000000 104.000000 0.000000 0.582355 3.000000
64.000000 54.000000 0.000000 0.203848 2.000000
67.000000 51.000000 0.000000 0.339725 3.000000
61.000000 53.000000 0.000000 0.180639 2.000000
58.000000 51.000000 0.000000 0.337938 3.000000
63.000000 37.000000 0.000000 0.000000 0.000000
33.000000 0.000000 0.000000 0.050044 1.000000
111.000000 142.000000 0.000000 0.000377 0.000000
103.000000 0.000000 0.000000 0.050051 1.000000
27.000000 145.000000 0.000000 0.000547 0.000000
44.000000 122.000000 0.000000 0.033404 1.000000
53.000000 123.000000 0.000000 0.004289 0.000000
55.000000 149.000000 0.000000 0.005925 0.000000
51.000000 147.000000 0.000000 0.159777 1.000000
58.000000 104.000000 0.000000 0.007901 0.000000
47.000000 102.000000 0.000000 0.036341 1.000000
73.000000 121.000000 0.000000 0.013440 0.000000
79.000000 119.000000 0.000000 0.056248 1.000000
76.000000 144.000000 0.000000 0.018893 0.000000
80.000000 142.000000 0.000000 0.179949 1.000000
