66.000000 143.000000 0.000000 0.469079 2.000000
66.000000 160.000000 0.000000 0.757208 3.000000
64.000000 131.000000 0.000000 0.650643 3.000000
63.000000 109.000000 0.000000 0.562243 2.000000
62.000000 112.000000 0.000000 0.602739 3.000000
64.000000 104.000000 0.000000 0.590968 3.000000
64.000000 100.000000 0.000000 0.555626 2.000000
63.000000 95.000000 0.000000 0.581211 3.000000
64.000000 54.000000 0.000000 0.203875 2.000000
67.000000 51.000000 0.000000 0.340518 3.000000
61.000000 53.000000 0.000000 0.181666 2.000000
58.000000 51.000000 0.000000 0.337837 3.000000
63.000000 37.000000 0.000000 0.000000 0.000000
35.000000 0.000000 0.000000 0.050022 1.000000
126.000000 165.000000 0.000000 0.000299 0.000000
78.000000 0.000000 0.000000 0.050054 1.000000
22.000000 157.000000 0.000000 0.000505 0.000000
39.000000 114.000000 0.000000 0.028812 1.000000
51.000000 113.000000 0.000000 0.003528 0.000000
73.000000 134.000000 0.000000 0.009686 0.000000
81.000000 132.000000 0.000000 0.060466 1.000000
78.000000 157.000000 0.000000 0.010177 0.000000
82.000000 156.000000 0.000000 0.202921 1.000000
57.000000 136.000000 0.000000 0.013593 0.000000
49.000000 134.000000 0.000000 0.039739 1.000000
55.000000 162.000000 0.000000 0.014838 0.000000
52.000000 158.000000 0.000000 0.150731 1.000000
57.000000 112.000000 0.000000 0.030756 0.000000
56.000000 113.000000 0.000000 0.089850 1.000000
68.000000 121.000000 0.000000 0.033208 0.000000
72.000000 120.000000 0.000000 0.078130 1.000000
61.000000 119.000000 0.000000 0.412305 2.000000
