66.000000 138.000000 0.000000 0.411536 2.000000
66.000000 153.000000 0.000000 0.759507 3.000000
61.000000 117.000000 0.000000 0.479753 2.000000
64.000000 126.000000 0.000000 0.685873 3.000000
62.000000 108.000000 0.000000 0.568995 2.000000
63.000000 107.000000 0.000000 0.605667 3.000000
62.000000 109.000000 0.000000 0.595858 3.000000
64.000000 98.000000 0.000000 0.545444 2.000000
63.000000 93.000000 0.000000 0.572953 3.000000
64.000000 54.000000 0.000000 0.203959 2.000000
67.000000 51.000000 0.000000 0.340460 3.000000
61.000000 53.000000 0.000000 0.181936 2.000000
58.000000 51.000000 0.000000 0.338111 3.000000
63.000000 37.000000 0.000000 0.000000 0.000000
30.000000 0.000000 0.000000 0.050036 1.000000
120.000000 148.000000 0.000000 0.000023 0.000000
105.000000 0.000000 0.000000 0.050053 1.000000
25.000000 151.000000 0.000000 0.000796 0.000000
42.000000 110.000000 0.000000 0.031269 1.000000
54.000000 110.000000 0.000000 0.002050 0.000000
55.000000 129.000000 0.000000 0.007984 0.000000
47.000000 127.000000 0.000000 0.035159 1.000000
73.000000 127.000000 0.000000 0.011612 0.000000
81.000000 126.000000 0.000000 0.059017 1.000000
58.000000 109.000000 0.000000 0.016155 0.000000
57.000000 110.000000 0.000000 0.055915 1.000000
55.000000 155.000000 0.000000 0.027979 0.000000
51.000000 153.000000 0.000000 0.154381 1.000000
78.000000 151.000000 0.000000 0.029273 0.000000
81.000000 151.000000 0.000000 0.190945 1.000000
70.000000 126.000000 0.000000 0.032417 0.000000
71.000000 127.000000 0.000000 0.065470 1.000000
