65.000000 117.000000 0.000000 0.397590 2.000000
60.000000 133.000000 0.000000 0.794917 3.000000
62.000000 105.000000 0.000000 0.615240 3.000000
61.000000 53.000000 0.000000 0.178498 2.000000
58.000000 51.000000 0.000000 0.337212 3.000000
64.000000 54.000000 0.000000 0.204475 2.000000
67.000000 51.000000 0.000000 0.335859 3.000000
63.000000 37.000000 0.000000 0.000000 0.000000
86.000000 0.000000 0.000000 0.050041 1.000000
24.000000 130.000000 0.000000 0.000703 0.000000
43.000000 0.000000 0.000000 0.050066 1.000000
94.000000 133.000000 0.000000 0.000776 0.000000
76.000000 111.000000 0.000000 0.046581 1.000000
70.000000 113.000000 0.000000 0.006394 0.000000
57.000000 106.000000 0.000000 0.027423 0.000000
52.000000 104.000000 0.000000 0.064755 1.000000
51.000000 132.000000 0.000000 0.031885 0.000000
47.000000 131.000000 0.000000 0.161214 1.000000
70.000000 136.000000 0.000000 0.033612 0.000000
74.000000 132.000000 0.000000 0.157696 1.000000
