61.000000 127.000000 0.000000 0.327045 2.000000
59.000000 143.000000 0.000000 0.776039 3.000000
63.000000 99.000000 0.000000 0.552912 2.000000
62.000000 115.000000 0.000000 0.659927 3.000000
62.000000 95.000000 0.000000 0.579689 3.000000
61.000000 53.000000 0.000000 0.178586 2.000000
58.000000 51.000000 0.000000 0.337769 3.000000
64.000000 54.000000 0.000000 0.204601 2.000000
67.000000 51.000000 0.000000 0.336091 3.000000
63.000000 37.000000 0.000000 0.000000 0.000000
81.000000 0.000000 0.000000 0.050007 1.000000
97.000000 143.000000 0.000000 0.000341 0.000000
82.000000 120.000000 0.000000 0.032525 1.000000
17.000000 140.000000 0.000000 0.000664 0.000000
29.000000 0.000000 0.000000 0.050062 1.000000
74.000000 120.000000 0.000000 0.006833 0.000000
49.000000 142.000000 0.000000 0.011773 0.000000
46.000000 143.000000 0.000000 0.170052 1.000000
55.000000 117.000000 0.000000 0.013640 0.000000
49.000000 115.000000 0.000000 0.062967 1.000000
70.000000 146.000000 0.000000 0.013715 0.000000
74.000000 145.000000 0.000000 0.169024 1.000000
68.000000 119.000000 0.000000 0.020206 0.000000
70.000000 119.000000 0.000000 0.054486 1.000000
