65.000000 129.000000 0.000000 0.318909 2.000000
67.000000 146.000000 0.000000 0.760222 3.000000
63.000000 105.000000 0.000000 0.571077 2.000000
63.000000 102.000000 0.000000 0.602981 3.000000
62.000000 107.000000 0.000000 0.601965 3.000000
61.000000 113.000000 0.000000 0.544749 2.000000
64.000000 118.000000 0.000000 0.601798 3.000000
64.000000 54.000000 0.000000 0.203949 2.000000
67.000000 51.000000 0.000000 0.339877 3.000000
61.000000 53.000000 0.000000 0.181077 2.000000
58.000000 51.000000 0.000000 0.338581 3.000000
63.000000 37.000000 0.000000 0.000000 0.000000
37.000000 0.000000 0.000000 0.050024 1.000000
111.000000 142.000000 0.000000 0.000428 0.000000
100.000000 0.000000 0.000000 0.050049 1.000000
28.000000 145.000000 0.000000 0.000658 0.000000
51.000000 105.000000 0.000000 0.040487 1.000000
71.000000 119.000000 0.000000 0.006734 0.000000
70.000000 118.000000 0.000000 0.042119 1.000000
55.000000 149.000000 0.000000 0.010514 0.000000
51.000000 147.000000 0.000000 0.162825 1.000000
58.000000 107.000000 0.000000 0.014177 0.000000
69.000000 118.000000 0.000000 0.017539 0.000000
56.000000 121.000000 0.000000 0.027588 0.000000
55.000000 121.000000 0.000000 0.076738 1.000000
76.000000 143.000000 0.000000 0.028676 0.000000
80.000000 146.000000 0.000000 0.180009 1.000000
78.000000 116.000000 0.000000 0.060275 1.000000
