65.000000 144.000000 0.000000 0.373276 2.000000
68.000000 160.000000 0.000000 0.753077 3.000000
63.000000 132.000000 0.000000 0.695440 3.000000
64.000000 110.000000 0.000000 0.514791 2.000000
64.000000 104.000000 0.000000 0.599662 3.000000
61.000000 113.000000 0.000000 0.568998 3.000000
64.000000 54.000000 0.000000 0.204344 2.000000
67.000000 51.000000 0.000000 0.340405 3.000000
61.000000 53.000000 0.000000 0.181564 2.000000
58.000000 51.000000 0.000000 0.338058 3.000000
63.000000 37.000000 0.000000 0.000000 0.000000
44.000000 0.000000 0.000000 0.050009 1.000000
24.000000 158.000000 0.000000 0.000194 0.000000
126.000000 166.000000 0.000000 0.000318 0.000000
76.000000 96.000000 0.000000 0.041791 1.000000
79.000000 157.000000 0.000000 0.003758 0.000000
82.000000 156.000000 0.000000 0.205247 1.000000
69.000000 103.000000 0.000000 0.006051 0.000000
71.000000 134.000000 0.000000 0.007789 0.000000
78.000000 131.000000 0.000000 0.068682 1.000000
56.000000 131.000000 0.000000 0.012439 0.000000
55.000000 131.000000 0.000000 0.066122 1.000000
56.000000 163.000000 0.000000 0.017346 0.000000
52.000000 160.000000 0.000000 0.167794 1.000000
66.000000 120.000000 0.000000 0.042185 0.000000
71.000000 120.000000 0.000000 0.085756 1.000000
57.000000 111.000000 0.000000 0.053082 0.000000
55.000000 113.000000 0.000000 0.098761 1.000000
64.000000 122.000000 0.000000 0.372190 2.000000
102.000000 0.000000 0.000000 0.050049 1.000000
