66.000000 139.000000 0.000000 0.436768 2.000000
66.000000 157.000000 0.000000 0.760747 3.000000
62.000000 116.000000 0.000000 0.465056 2.000000
63.000000 132.000000 0.000000 0.624959 3.000000
63.000000 109.000000 0.000000 0.557052 2.000000
63.000000 107.000000 0.000000 0.600292 3.000000
62.000000 109.000000 0.000000 0.594512 3.000000
64.000000 54.000000 0.000000 0.203898 2.000000
67.000000 51.000000 0.000000 0.340337 3.000000
61.000000 53.000000 0.000000 0.181931 2.000000
58.000000 51.000000 0.000000 0.338035 3.000000
63.000000 37.000000 0.000000 0.000000 0.000000
35.000000 0.000000 0.000000 0.050027 1.000000
126.000000 155.000000 0.000000 0.000179 0.000000
101.000000 0.000000 0.000000 0.050055 1.000000
24.000000 154.000000 0.000000 0.000574 0.000000
41.000000 110.000000 0.000000 0.031516 1.000000
56.000000 133.000000 0.000000 0.003164 0.000000
47.000000 130.000000 0.000000 0.035342 1.000000
54.000000 110.000000 0.000000 0.004499 0.000000
74.000000 131.000000 0.000000 0.005737 0.000000
81.000000 129.000000 0.000000 0.054890 1.000000
55.000000 159.000000 0.000000 0.008846 0.000000
51.000000 155.000000 0.000000 0.151958 1.000000
58.000000 109.000000 0.000000 0.024971 0.000000
57.000000 110.000000 0.000000 0.062103 1.000000
78.000000 154.000000 0.000000 0.026965 0.000000
82.000000 152.000000 0.000000 0.195920 1.000000
67.000000 117.000000 0.000000 0.047469 0.000000
71.000000 116.000000 0.000000 0.086892 1.000000
