61.000000 126.000000 0.000000 0.322798 2.000000
58.000000 144.000000 0.000000 0.773058 3.000000
63.000000 109.000000 0.000000 0.554948 2.000000
61.000000 116.000000 0.000000 0.663418 3.000000
62.000000 100.000000 0.000000 0.557993 2.000000
62.000000 97.000000 0.000000 0.586060 3.000000
63.000000 106.000000 0.000000 0.584254 3.000000
61.000000 53.000000 0.000000 0.178468 2.000000
58.000000 51.000000 0.000000 0.337745 3.000000
64.000000 54.000000 0.000000 0.204522 2.000000
67.000000 51.000000 0.000000 0.335979 3.000000
63.000000 37.000000 0.000000 0.000000 0.000000
15.000000 0.000000 0.000000 0.050042 1.000000
17.000000 139.000000 0.000000 0.000239 0.000000
96.000000 143.000000 0.000000 0.000542 0.000000
83.000000 119.000000 0.000000 0.029998 1.000000
74.000000 120.000000 0.000000 0.003543 0.000000
55.000000 117.000000 0.000000 0.007435 0.000000
48.000000 114.000000 0.000000 0.062676 1.000000
49.000000 141.000000 0.000000 0.010038 0.000000
45.000000 141.000000 0.000000 0.172555 1.000000
70.000000 146.000000 0.000000 0.015857 0.000000
74.000000 144.000000 0.000000 0.164346 1.000000
68.000000 119.000000 0.000000 0.024943 0.000000
70.000000 118.000000 0.000000 0.065126 1.000000
89.000000 0.000000 0.000000 0.050066 1.000000
