64.000000 130.000000 0.000000 0.299400 2.000000
67.000000 147.000000 0.000000 0.772926 3.000000
63.000000 113.000000 0.000000 0.558527 2.000000
64.000000 119.000000 0.000000 0.669199 3.000000
63.000000 103.000000 0.000000 0.559014 2.000000
63.000000 100.000000 0.000000 0.592397 3.000000
62.000000 105.000000 0.000000 0.588476 3.000000
64.000000 54.000000 0.000000 0.205423 2.000000
67.000000 51.000000 0.000000 0.337906 3.000000
61.000000 53.000000 0.000000 0.178139 2.000000
58.000000 51.000000 0.000000 0.336013 3.000000
63.000000 37.000000 0.000000 0.000000 0.000000
38.000000 0.000000 0.000000 0.050032 1.000000
111.000000 143.000000 0.000000 0.000550 0.000000
96.000000 0.000000 0.000000 0.050052 1.000000
29.000000 147.000000 0.000000 0.000689 0.000000
71.000000 120.000000 0.000000 0.004393 0.000000
78.000000 118.000000 0.000000 0.059177 1.000000
77.000000 145.000000 0.000000 0.010407 0.000000
80.000000 146.000000 0.000000 0.172987 1.000000
56.000000 150.000000 0.000000 0.013963 0.000000
52.000000 149.000000 0.000000 0.167763 1.000000
56.000000 120.000000 0.000000 0.044978 0.000000
55.000000 119.000000 0.000000 0.089452 1.000000
