65.000000 130.000000 0.000000 0.322734 2.000000
67.000000 148.000000 0.000000 0.782362 3.000000
62.000000 102.000000 0.000000 0.557078 2.000000
64.000000 120.000000 0.000000 0.684400 3.000000
63.000000 99.000000 0.000000 0.588643 3.000000
64.000000 54.000000 0.000000 0.205517 2.000000
67.000000 51.000000 0.000000 0.338019 3.000000
61.000000 53.000000 0.000000 0.178086 2.000000
58.000000 51.000000 0.000000 0.335882 3.000000
63.000000 37.000000 0.000000 0.000000 0.000000
44.000000 0.000000 0.000000 0.050021 1.000000
111.000000 143.000000 0.000000 0.000202 0.000000
77.000000 0.000000 0.000000 0.050040 1.000000
28.000000 147.000000 0.000000 0.000395 0.000000
42.000000 122.000000 0.000000 0.029227 1.000000
51.000000 122.000000 0.000000 0.003282 0.000000
72.000000 121.000000 0.000000 0.005837 0.000000
79.000000 119.000000 0.000000 0.056600 1.000000
57.000000 121.000000 0.000000 0.021934 0.000000
56.000000 121.000000 0.000000 0.065224 1.000000
77.000000 146.000000 0.000000 0.027673 0.000000
80.000000 147.000000 0.000000 0.177444 1.000000
55.000000 150.000000 0.000000 0.030180 0.000000
51.000000 149.000000 0.000000 0.165352 1.000000
