64.000000 120.000000 0.000000 0.298092 2.000000
66.000000 138.000000 0.000000 0.791440 3.000000
63.000000 108.000000 0.000000 0.625268 3.000000
64.000000 54.000000 0.000000 0.205271 2.000000
67.000000 51.000000 0.000000 0.337597 3.000000
61.000000 53.000000 0.000000 0.177813 2.000000
58.000000 51.000000 0.000000 0.335964 3.000000
63.000000 37.000000 0.000000 0.000000 0.000000
27.000000 0.000000 0.000000 0.050034 1.000000
103.000000 134.000000 0.000000 0.000559 0.000000
103.000000 0.000000 0.000000 0.050045 1.000000
30.000000 136.000000 0.000000 0.001006 0.000000
46.000000 114.000000 0.000000 0.037720 1.000000
53.000000 115.000000 0.000000 0.004662 0.000000
69.000000 110.000000 0.000000 0.007606 0.000000
75.000000 107.000000 0.000000 0.059605 1.000000
75.000000 136.000000 0.000000 0.011375 0.000000
78.000000 136.000000 0.000000 0.164257 1.000000
55.000000 139.000000 0.000000 0.013644 0.000000
52.000000 138.000000 0.000000 0.157318 1.000000
57.000000 114.000000 0.000000 0.021070 0.000000
56.000000 114.000000 0.000000 0.059787 1.000000
