66.000000 147.000000 0.000000 0.466180 2.000000
68.000000 161.000000 0.000000 0.770345 3.000000
65.000000 137.000000 0.000000 0.687034 3.000000
64.000000 112.000000 0.000000 0.522033 2.000000
64.000000 104.000000 0.000000 0.604157 3.000000
60.000000 115.000000 0.000000 0.547469 3.000000
64.000000 54.000000 0.000000 0.204006 2.000000
67.000000 51.000000 0.000000 0.340873 3.000000
61.000000 53.000000 0.000000 0.180940 2.000000
58.000000 51.000000 0.000000 0.337604 3.000000
63.000000 37.000000 0.000000 0.000000 0.000000
42.000000 0.000000 0.000000 0.050009 1.000000
26.000000 159.000000 0.000000 0.000324 0.000000
49.000000 136.000000 0.000000 0.039587 1.000000
126.000000 168.000000 0.000000 0.000489 0.000000
79.000000 97.000000 0.000000 0.041607 1.000000
69.000000 105.000000 0.000000 0.006008 0.000000
57.000000 136.000000 0.000000 0.011607 0.000000
57.000000 163.000000 0.000000 0.012804 0.000000
53.000000 160.000000 0.000000 0.155214 1.000000
71.000000 137.000000 0.000000 0.025205 0.000000
76.000000 134.000000 0.000000 0.087676 1.000000
80.000000 158.000000 0.000000 0.028812 0.000000
84.000000 161.000000 0.000000 0.206684 1.000000
67.000000 122.000000 0.000000 0.034400 0.000000
72.000000 122.000000 0.000000 0.080107 1.000000
56.000000 113.000000 0.000000 0.052854 0.000000
54.000000 114.000000 0.000000 0.120372 1.000000
65.000000 125.000000 0.000000 0.340064 2.000000
88.000000 0.000000 0.000000 0.050059 1.000000
