61.000000 123.000000 0.000000 0.311945 2.000000
59.000000 141.000000 0.000000 0.785586 3.000000
62.000000 112.000000 0.000000 0.640189 3.000000
61.000000 53.000000 0.000000 0.178544 2.000000
58.000000 51.000000 0.000000 0.337608 3.000000
64.000000 54.000000 0.000000 0.204445 2.000000
67.000000 51.000000 0.000000 0.336005 3.000000
63.000000 37.000000 0.000000 0.000000 0.000000
80.000000 0.000000 0.000000 0.050025 1.000000
96.000000 140.000000 0.000000 0.000503 0.000000
81.000000 117.000000 0.000000 0.035707 1.000000
20.000000 137.000000 0.000000 0.000551 0.000000
43.000000 0.000000 0.000000 0.050044 1.000000
73.000000 118.000000 0.000000 0.005541 0.000000
57.000000 113.000000 0.000000 0.011941 0.000000
50.000000 111.000000 0.000000 0.063150 1.000000
70.000000 143.000000 0.000000 0.015879 0.000000
74.000000 141.000000 0.000000 0.166403 1.000000
50.000000 138.000000 0.000000 0.023781 0.000000
47.000000 137.000000 0.000000 0.166533 1.000000
68.000000 117.000000 0.000000 0.024656 0.000000
70.000000 117.000000 0.000000 0.058132 1.000000
