66.000000 120.000000 0.000000 0.327832 2.000000
59.000000 138.000000 0.000000 0.788643 3.000000
62.000000 110.000000 0.000000 0.583537 2.000000
62.000000 108.000000 0.000000 0.624671 3.000000
61.000000 110.000000 0.000000 0.608223 3.000000
61.000000 53.000000 0.000000 0.178490 2.000000
58.000000 51.000000 0.000000 0.337413 3.000000
64.000000 54.000000 0.000000 0.204388 2.000000
67.000000 51.000000 0.000000 0.335902 3.000000
63.000000 37.000000 0.000000 0.000000 0.000000
81.000000 0.000000 0.000000 0.050044 1.000000
22.000000 133.000000 0.000000 0.000588 0.000000
43.000000 0.000000 0.000000 0.050058 1.000000
95.000000 136.000000 0.000000 0.000867 0.000000
78.000000 114.000000 0.000000 0.040432 1.000000
57.000000 110.000000 0.000000 0.004809 0.000000
51.000000 107.000000 0.000000 0.063700 1.000000
71.000000 116.000000 0.000000 0.014321 0.000000
50.000000 135.000000 0.000000 0.015101 0.000000
47.000000 136.000000 0.000000 0.164494 1.000000
70.000000 139.000000 0.000000 0.024823 0.000000
74.000000 137.000000 0.000000 0.162623 1.000000
