66.000000 148.000000 0.000000 0.511653 2.000000
66.000000 164.000000 0.000000 0.751814 3.000000
64.000000 136.000000 0.000000 0.681137 3.000000
64.000000 112.000000 0.000000 0.544170 2.000000
64.000000 105.000000 0.000000 0.604698 3.000000
61.000000 116.000000 0.000000 0.584448 3.000000
60.000000 122.000000 0.000000 0.361561 2.000000
63.000000 124.000000 0.000000 0.387905 3.000000
64.000000 54.000000 0.000000 0.203992 2.000000
67.000000 51.000000 0.000000 0.340847 3.000000
61.000000 53.000000 0.000000 0.181333 2.000000
58.000000 51.000000 0.000000 0.337722 3.000000
63.000000 37.000000 0.000000 0.000000 0.000000
33.000000 0.000000 0.000000 0.050027 1.000000
21.000000 160.000000 0.000000 0.000410 0.000000
126.000000 142.000000 0.000000 0.000547 0.000000
77.000000 97.000000 0.000000 0.041476 1.000000
68.000000 123.000000 0.000000 0.006741 0.000000
75.000000 123.000000 0.000000 0.068180 1.000000
72.000000 138.000000 0.000000 0.011482 0.000000
79.000000 135.000000 0.000000 0.070085 1.000000
69.000000 106.000000 0.000000 0.013676 0.000000
79.000000 160.000000 0.000000 0.020104 0.000000
84.000000 163.000000 0.000000 0.206117 1.000000
55.000000 165.000000 0.000000 0.025107 0.000000
52.000000 160.000000 0.000000 0.149325 1.000000
57.000000 114.000000 0.000000 0.055938 0.000000
55.000000 115.000000 0.000000 0.109286 1.000000
64.000000 126.000000 0.000000 0.356666 2.000000
91.000000 0.000000 0.000000 0.050048 1.000000
