59.000000 151.000000 0.000000 0.525107 2.000000
57.000000 164.000000 0.000000 0.756292 3.000000
62.000000 142.000000 0.000000 0.653691 3.000000
61.000000 103.000000 0.000000 0.564655 2.000000
61.000000 105.000000 0.000000 0.605975 3.000000
62.000000 101.000000 0.000000 0.603890 3.000000
61.000000 113.000000 0.000000 0.485721 2.000000
65.000000 117.000000 0.000000 0.598273 3.000000
61.000000 53.000000 0.000000 0.181981 2.000000
58.000000 51.000000 0.000000 0.340868 3.000000
64.000000 54.000000 0.000000 0.203107 2.000000
67.000000 51.000000 0.000000 0.337739 3.000000
63.000000 37.000000 0.000000 0.000000 0.000000
81.000000 0.000000 0.000000 0.050027 1.000000
101.000000 161.000000 0.000000 0.000374 0.000000
78.000000 137.000000 0.000000 0.032803 1.000000
0.000000 141.000000 0.000000 0.001216 0.000000
44.000000 99.000000 0.000000 0.041043 1.000000
55.000000 105.000000 0.000000 0.002602 0.000000
71.000000 138.000000 0.000000 0.007277 0.000000
55.000000 124.000000 0.000000 0.007864 0.000000
48.000000 122.000000 0.000000 0.063183 1.000000
45.000000 160.000000 0.000000 0.012379 0.000000
41.000000 161.000000 0.000000 0.213849 1.000000
68.000000 166.000000 0.000000 0.026279 0.000000
72.000000 163.000000 0.000000 0.160790 1.000000
69.000000 116.000000 0.000000 0.029592 0.000000
71.000000 117.000000 0.000000 0.110376 1.000000
56.000000 142.000000 0.000000 0.066467 0.000000
51.000000 139.000000 0.000000 0.125594 1.000000
63.000000 129.000000 0.000000 0.308057 2.000000
46.000000 0.000000 0.000000 0.050039 1.000000
