60.000000 117.000000 0.000000 0.406461 2.000000
65.000000 133.000000 0.000000 0.783247 3.000000
63.000000 104.000000 0.000000 0.603578 3.000000
64.000000 54.000000 0.000000 0.205230 2.000000
67.000000 51.000000 0.000000 0.337108 3.000000
61.000000 53.000000 0.000000 0.178004 2.000000
58.000000 51.000000 0.000000 0.336144 3.000000
63.000000 37.000000 0.000000 0.000000 0.000000
38.000000 0.000000 0.000000 0.050038 1.000000
101.000000 130.000000 0.000000 0.000321 0.000000
82.000000 0.000000 0.000000 0.050089 1.000000
30.000000 132.000000 0.000000 0.001083 0.000000
48.000000 111.000000 0.000000 0.044913 1.000000
55.000000 113.000000 0.000000 0.011907 0.000000
57.000000 112.000000 0.000000 0.019911 0.000000
56.000000 112.000000 0.000000 0.048643 1.000000
74.000000 131.000000 0.000000 0.026958 0.000000
78.000000 130.000000 0.000000 0.160417 1.000000
54.000000 135.000000 0.000000 0.031417 0.000000
51.000000 134.000000 0.000000 0.159224 1.000000
67.000000 105.000000 0.000000 0.034513 0.000000
71.000000 103.000000 0.000000 0.064308 1.000000
