60.000000 117.000000 0.000000 0.381828 2.000000
65.000000 134.000000 0.000000 0.787751 3.000000
63.000000 105.000000 0.000000 0.604530 3.000000
64.000000 54.000000 0.000000 0.205254 2.000000
67.000000 51.000000 0.000000 0.337155 3.000000
61.000000 53.000000 0.000000 0.178044 2.000000
58.000000 51.000000 0.000000 0.336098 3.000000
63.000000 37.000000 0.000000 0.000000 0.000000
39.000000 0.000000 0.000000 0.050028 1.000000
101.000000 130.000000 0.000000 0.000119 0.000000
86.000000 0.000000 0.000000 0.050081 1.000000
30.000000 132.000000 0.000000 0.001109 0.000000
56.000000 114.000000 0.000000 0.005797 0.000000
50.000000 112.000000 0.000000 0.051566 1.000000
68.000000 107.000000 0.000000 0.012873 0.000000
73.000000 105.000000 0.000000 0.064114 1.000000
74.000000 131.000000 0.000000 0.019232 0.000000
78.000000 130.000000 0.000000 0.161490 1.000000
54.000000 135.000000 0.000000 0.026587 0.000000
51.000000 133.000000 0.000000 0.155918 1.000000
