65.000000 130.000000 0.000000 0.323070 2.000000
67.000000 148.000000 0.000000 0.779767 3.000000
62.000000 108.000000 0.000000 0.547353 2.000000
63.000000 119.000000 0.000000 0.671971 3.000000
63.000000 98.000000 0.000000 0.587603 3.000000
64.000000 54.000000 0.000000 0.205154 2.000000
67.000000 51.000000 0.000000 0.337917 3.000000
61.000000 53.000000 0.000000 0.178191 2.000000
58.000000 51.000000 0.000000 0.335953 3.000000
63.000000 37.000000 0.000000 0.000000 0.000000
49.000000 0.000000 0.000000 0.050030 1.000000
111.000000 142.000000 0.000000 0.000486 0.000000
110.000000 0.000000 0.000000 0.050060 1.000000
29.000000 146.000000 0.000000 0.000902 0.000000
57.000000 121.000000 0.000000 0.011283 0.000000
56.000000 120.000000 0.000000 0.063969 1.000000
72.000000 121.000000 0.000000 0.015281 0.000000
79.000000 119.000000 0.000000 0.056172 1.000000
77.000000 145.000000 0.000000 0.021929 0.000000
80.000000 146.000000 0.000000 0.176685 1.000000
56.000000 150.000000 0.000000 0.023672 0.000000
52.000000 148.000000 0.000000 0.163537 1.000000
