61.000000 123.000000 0.000000 0.301918 2.000000
59.000000 140.000000 0.000000 0.773139 3.000000
62.000000 112.000000 0.000000 0.602488 2.000000
61.000000 113.000000 0.000000 0.636548 3.000000
62.000000 110.000000 0.000000 0.629375 3.000000
63.000000 97.000000 0.000000 0.548460 2.000000
62.000000 93.000000 0.000000 0.574510 3.000000
61.000000 53.000000 0.000000 0.178616 2.000000
58.000000 51.000000 0.000000 0.337622 3.000000
64.000000 54.000000 0.000000 0.204572 2.000000
67.000000 51.000000 0.000000 0.336033 3.000000
63.000000 37.000000 0.000000 0.000000 0.000000
96.000000 0.000000 0.000000 0.050007 1.000000
19.000000 136.000000 0.000000 0.000709 0.000000
51.000000 0.000000 0.000000 0.050045 1.000000
95.000000 140.000000 0.000000 0.001046 0.000000
82.000000 117.000000 0.000000 0.030852 1.000000
74.000000 117.000000 0.000000 0.001259 0.000000
56.000000 113.000000 0.000000 0.005679 0.000000
50.000000 110.000000 0.000000 0.063674 1.000000
70.000000 143.000000 0.000000 0.017240 0.000000
74.000000 140.000000 0.000000 0.162894 1.000000
49.000000 138.000000 0.000000 0.029819 0.000000
46.000000 139.000000 0.000000 0.169305 1.000000
68.000000 116.000000 0.000000 0.031207 0.000000
70.000000 116.000000 0.000000 0.067834 1.000000
