67.000000 147.000000 0.000000 0.412842 2.000000
69.000000 165.000000 0.000000 0.768004 3.000000
64.000000 136.000000 0.000000 0.699465 3.000000
64.000000 112.000000 0.000000 0.544861 2.000000
64.000000 104.000000 0.000000 0.596534 3.000000
61.000000 115.000000 0.000000 0.586416 3.000000
64.000000 54.000000 0.000000 0.204034 2.000000
67.000000 51.000000 0.000000 0.340776 3.000000
61.000000 53.000000 0.000000 0.180511 2.000000
58.000000 51.000000 0.000000 0.337121 3.000000
63.000000 37.000000 0.000000 0.000000 0.000000
43.000000 0.000000 0.000000 0.050005 1.000000
126.000000 141.000000 0.000000 0.000567 0.000000
82.000000 0.000000 0.000000 0.050056 1.000000
26.000000 162.000000 0.000000 0.000614 0.000000
44.000000 136.000000 0.000000 0.025323 1.000000
53.000000 137.000000 0.000000 0.001088 0.000000
72.000000 138.000000 0.000000 0.004776 0.000000
79.000000 135.000000 0.000000 0.067785 1.000000
69.000000 123.000000 0.000000 0.012207 0.000000
75.000000 122.000000 0.000000 0.065374 1.000000
80.000000 161.000000 0.000000 0.019754 0.000000
85.000000 164.000000 0.000000 0.206906 1.000000
57.000000 114.000000 0.000000 0.029773 0.000000
55.000000 115.000000 0.000000 0.106010 1.000000
57.000000 167.000000 0.000000 0.029861 0.000000
53.000000 163.000000 0.000000 0.154353 1.000000
64.000000 126.000000 0.000000 0.355456 2.000000
