67.000000 146.000000 0.000000 0.488045 2.000000
67.000000 161.000000 0.000000 0.760691 3.000000
65.000000 135.000000 0.000000 0.705786 3.000000
64.000000 112.000000 0.000000 0.560606 2.000000
64.000000 107.000000 0.000000 0.605505 3.000000
62.000000 115.000000 0.000000 0.600402 3.000000
64.000000 54.000000 0.000000 0.204041 2.000000
67.000000 51.000000 0.000000 0.340571 3.000000
61.000000 53.000000 0.000000 0.181842 2.000000
58.000000 51.000000 0.000000 0.337782 3.000000
63.000000 37.000000 0.000000 0.000000 0.000000
45.000000 0.000000 0.000000 0.050025 1.000000
126.000000 166.000000 0.000000 0.000325 0.000000
77.000000 0.000000 0.000000 0.050066 1.000000
24.000000 157.000000 0.000000 0.000629 0.000000
52.000000 137.000000 0.000000 0.048572 1.000000
75.000000 135.000000 0.000000 0.004962 0.000000
83.000000 133.000000 0.000000 0.056680 1.000000
58.000000 138.000000 0.000000 0.017823 0.000000
79.000000 158.000000 0.000000 0.020998 0.000000
84.000000 158.000000 0.000000 0.198973 1.000000
56.000000 163.000000 0.000000 0.021153 0.000000
52.000000 158.000000 0.000000 0.148400 1.000000
58.000000 114.000000 0.000000 0.052685 0.000000
56.000000 115.000000 0.000000 0.085531 1.000000
62.000000 122.000000 0.000000 0.424172 2.000000
