61.000000 127.000000 0.000000 0.355899 2.000000
59.000000 143.000000 0.000000 0.760075 3.000000
61.000000 117.000000 0.000000 0.643194 3.000000
61.000000 53.000000 0.000000 0.180396 2.000000
58.000000 51.000000 0.000000 0.338857 3.000000
64.000000 54.000000 0.000000 0.203185 2.000000
67.000000 51.000000 0.000000 0.337596 3.000000
63.000000 37.000000 0.000000 0.000000 0.000000
80.000000 0.000000 0.000000 0.050021 1.000000
18.000000 139.000000 0.000000 0.000566 0.000000
48.000000 0.000000 0.000000 0.050052 1.000000
98.000000 142.000000 0.000000 0.000729 0.000000
81.000000 120.000000 0.000000 0.034820 1.000000
74.000000 121.000000 0.000000 0.008082 0.000000
55.000000 117.000000 0.000000 0.011563 0.000000
49.000000 115.000000 0.000000 0.063898 1.000000
50.000000 140.000000 0.000000 0.020414 0.000000
46.000000 140.000000 0.000000 0.171584 1.000000
71.000000 146.000000 0.000000 0.021525 0.000000
75.000000 144.000000 0.000000 0.165702 1.000000
