61.000000 131.000000 0.000000 0.333630 2.000000
58.000000 147.000000 0.000000 0.774062 3.000000
63.000000 101.000000 0.000000 0.551765 2.000000
62.000000 119.000000 0.000000 0.687373 3.000000
62.000000 98.000000 0.000000 0.588108 3.000000
61.000000 53.000000 0.000000 0.178604 2.000000
58.000000 51.000000 0.000000 0.337861 3.000000
64.000000 54.000000 0.000000 0.204683 2.000000
67.000000 51.000000 0.000000 0.336081 3.000000
63.000000 37.000000 0.000000 0.000000 0.000000
81.000000 0.000000 0.000000 0.050029 1.000000
15.000000 142.000000 0.000000 0.000547 0.000000
32.000000 0.000000 0.000000 0.050055 1.000000
98.000000 146.000000 0.000000 0.000604 0.000000
83.000000 122.000000 0.000000 0.030083 1.000000
74.000000 123.000000 0.000000 0.005092 0.000000
70.000000 150.000000 0.000000 0.012998 0.000000
74.000000 148.000000 0.000000 0.169171 1.000000
68.000000 122.000000 0.000000 0.013887 0.000000
69.000000 121.000000 0.000000 0.062928 1.000000
54.000000 121.000000 0.000000 0.014718 0.000000
48.000000 119.000000 0.000000 0.063936 1.000000
49.000000 144.000000 0.000000 0.028957 0.000000
45.000000 143.000000 0.000000 0.177000 1.000000
