65.000000 123.000000 0.000000 0.305542 2.000000
66.000000 141.000000 0.000000 0.788269 3.000000
64.000000 113.000000 0.000000 0.630659 3.000000
64.000000 54.000000 0.000000 0.205225 2.000000
67.000000 51.000000 0.000000 0.337676 3.000000
61.000000 53.000000 0.000000 0.177963 2.000000
58.000000 51.000000 0.000000 0.335850 3.000000
63.000000 37.000000 0.000000 0.000000 0.000000
30.000000 0.000000 0.000000 0.050020 1.000000
106.000000 137.000000 0.000000 0.000417 0.000000
101.000000 0.000000 0.000000 0.050055 1.000000
30.000000 140.000000 0.000000 0.000702 0.000000
44.000000 117.000000 0.000000 0.032714 1.000000
52.000000 117.000000 0.000000 0.008597 0.000000
72.000000 113.000000 0.000000 0.016116 0.000000
78.000000 111.000000 0.000000 0.054872 1.000000
55.000000 143.000000 0.000000 0.020972 0.000000
52.000000 141.000000 0.000000 0.157473 1.000000
76.000000 139.000000 0.000000 0.024659 0.000000
79.000000 140.000000 0.000000 0.171952 1.000000
