61.000000 123.000000 0.000000 0.322351 2.000000
59.000000 140.000000 0.000000 0.775584 3.000000
62.000000 108.000000 0.000000 0.553182 2.000000
61.000000 113.000000 0.000000 0.635597 3.000000
62.000000 96.000000 0.000000 0.579600 3.000000
61.000000 53.000000 0.000000 0.178574 2.000000
58.000000 51.000000 0.000000 0.337559 3.000000
64.000000 54.000000 0.000000 0.204462 2.000000
67.000000 51.000000 0.000000 0.335767 3.000000
63.000000 37.000000 0.000000 0.000000 0.000000
94.000000 0.000000 0.000000 0.050020 1.000000
19.000000 136.000000 0.000000 0.000620 0.000000
18.000000 0.000000 0.000000 0.050062 1.000000
96.000000 139.000000 0.000000 0.000890 0.000000
81.000000 116.000000 0.000000 0.033788 1.000000
73.000000 118.000000 0.000000 0.007426 0.000000
54.000000 114.000000 0.000000 0.015902 0.000000
48.000000 112.000000 0.000000 0.058751 1.000000
70.000000 143.000000 0.000000 0.017648 0.000000
74.000000 140.000000 0.000000 0.161395 1.000000
49.000000 139.000000 0.000000 0.036145 0.000000
46.000000 139.000000 0.000000 0.170683 1.000000
