59.000000 117.000000 0.000000 0.368674 2.000000
65.000000 134.000000 0.000000 0.784589 3.000000
63.000000 105.000000 0.000000 0.603718 3.000000
64.000000 54.000000 0.000000 0.205349 2.000000
67.000000 51.000000 0.000000 0.337252 3.000000
61.000000 53.000000 0.000000 0.178086 2.000000
58.000000 51.000000 0.000000 0.336184 3.000000
63.000000 37.000000 0.000000 0.000000 0.000000
34.000000 0.000000 0.000000 0.050032 1.000000
101.000000 131.000000 0.000000 0.000646 0.000000
76.000000 0.000000 0.000000 0.050038 1.000000
30.000000 133.000000 0.000000 0.001172 0.000000
47.000000 110.000000 0.000000 0.042103 1.000000
54.000000 112.000000 0.000000 0.005304 0.000000
68.000000 106.000000 0.000000 0.012533 0.000000
73.000000 103.000000 0.000000 0.059221 1.000000
55.000000 136.000000 0.000000 0.029710 0.000000
51.000000 134.000000 0.000000 0.162073 1.000000
74.000000 132.000000 0.000000 0.030280 0.000000
78.000000 132.000000 0.000000 0.156482 1.000000
