65.000000 123.000000 0.000000 0.335440 2.000000
66.000000 141.000000 0.000000 0.771532 3.000000
62.000000 110.000000 0.000000 0.569183 2.000000
64.000000 113.000000 0.000000 0.617847 3.000000
62.000000 107.000000 0.000000 0.598520 3.000000
62.000000 96.000000 0.000000 0.542733 2.000000
63.000000 92.000000 0.000000 0.569041 3.000000
64.000000 54.000000 0.000000 0.205259 2.000000
67.000000 51.000000 0.000000 0.337551 3.000000
61.000000 53.000000 0.000000 0.177812 2.000000
58.000000 51.000000 0.000000 0.335844 3.000000
63.000000 37.000000 0.000000 0.000000 0.000000
46.000000 0.000000 0.000000 0.050011 1.000000
105.000000 136.000000 0.000000 0.000067 0.000000
74.000000 0.000000 0.000000 0.050026 1.000000
29.000000 139.000000 0.000000 0.000236 0.000000
46.000000 117.000000 0.000000 0.036786 1.000000
53.000000 118.000000 0.000000 0.004497 0.000000
72.000000 113.000000 0.000000 0.013374 0.000000
79.000000 111.000000 0.000000 0.053394 1.000000
75.000000 138.000000 0.000000 0.017953 0.000000
79.000000 137.000000 0.000000 0.170706 1.000000
55.000000 142.000000 0.000000 0.026845 0.000000
51.000000 140.000000 0.000000 0.159126 1.000000
