65.000000 117.000000 0.000000 0.393547 2.000000
60.000000 133.000000 0.000000 0.783045 3.000000
62.000000 105.000000 0.000000 0.613788 3.000000
61.000000 53.000000 0.000000 0.178358 2.000000
58.000000 51.000000 0.000000 0.337245 3.000000
64.000000 54.000000 0.000000 0.204540 2.000000
67.000000 51.000000 0.000000 0.336238 3.000000
63.000000 37.000000 0.000000 0.000000 0.000000
80.000000 0.000000 0.000000 0.050033 1.000000
25.000000 130.000000 0.000000 0.000515 0.000000
49.000000 0.000000 0.000000 0.050059 1.000000
96.000000 132.000000 0.000000 0.001042 0.000000
76.000000 111.000000 0.000000 0.049281 1.000000
51.000000 131.000000 0.000000 0.001907 0.000000
48.000000 132.000000 0.000000 0.158333 1.000000
71.000000 135.000000 0.000000 0.002026 0.000000
75.000000 133.000000 0.000000 0.159839 1.000000
70.000000 113.000000 0.000000 0.003729 0.000000
57.000000 106.000000 0.000000 0.030436 0.000000
53.000000 103.000000 0.000000 0.064893 1.000000
