64.000000 120.000000 0.000000 0.300024 2.000000
66.000000 138.000000 0.000000 0.787760 3.000000
63.000000 108.000000 0.000000 0.619958 3.000000
64.000000 54.000000 0.000000 0.205275 2.000000
67.000000 51.000000 0.000000 0.337510 3.000000
61.000000 53.000000 0.000000 0.177879 2.000000
58.000000 51.000000 0.000000 0.335957 3.000000
63.000000 37.000000 0.000000 0.000000 0.000000
48.000000 0.000000 0.000000 0.050053 1.000000
104.000000 134.000000 0.000000 0.000697 0.000000
91.000000 0.000000 0.000000 0.050077 1.000000
31.000000 136.000000 0.000000 0.000849 0.000000
46.000000 114.000000 0.000000 0.036724 1.000000
53.000000 115.000000 0.000000 0.001089 0.000000
55.000000 139.000000 0.000000 0.005257 0.000000
52.000000 138.000000 0.000000 0.156593 1.000000
75.000000 135.000000 0.000000 0.010367 0.000000
79.000000 135.000000 0.000000 0.165734 1.000000
70.000000 110.000000 0.000000 0.013142 0.000000
75.000000 107.000000 0.000000 0.059246 1.000000
57.000000 114.000000 0.000000 0.021764 0.000000
56.000000 114.000000 0.000000 0.052301 1.000000
