64.000000 126.000000 0.000000 0.314881 2.000000
66.000000 144.000000 0.000000 0.778974 3.000000
63.000000 99.000000 0.000000 0.542057 2.000000
63.000000 115.000000 0.000000 0.652129 3.000000
63.000000 95.000000 0.000000 0.579572 3.000000
64.000000 54.000000 0.000000 0.205307 2.000000
67.000000 51.000000 0.000000 0.337818 3.000000
61.000000 53.000000 0.000000 0.178080 2.000000
58.000000 51.000000 0.000000 0.336026 3.000000
63.000000 37.000000 0.000000 0.000000 0.000000
44.000000 0.000000 0.000000 0.050037 1.000000
29.000000 143.000000 0.000000 0.000418 0.000000
108.000000 140.000000 0.000000 0.000561 0.000000
115.000000 0.000000 0.000000 0.050059 1.000000
69.000000 116.000000 0.000000 0.003340 0.000000
70.000000 116.000000 0.000000 0.050819 1.000000
72.000000 117.000000 0.000000 0.009951 0.000000
76.000000 142.000000 0.000000 0.013954 0.000000
80.000000 140.000000 0.000000 0.172330 1.000000
55.000000 146.000000 0.000000 0.025826 0.000000
52.000000 145.000000 0.000000 0.162679 1.000000
79.000000 115.000000 0.000000 0.056400 1.000000
