64.000000 120.000000 0.000000 0.309813 2.000000
66.000000 138.000000 0.000000 0.789313 3.000000
63.000000 109.000000 0.000000 0.603694 3.000000
64.000000 54.000000 0.000000 0.205306 2.000000
67.000000 51.000000 0.000000 0.337542 3.000000
61.000000 53.000000 0.000000 0.177740 2.000000
58.000000 51.000000 0.000000 0.335757 3.000000
63.000000 37.000000 0.000000 0.000000 0.000000
42.000000 0.000000 0.000000 0.050040 1.000000
104.000000 134.000000 0.000000 0.000660 0.000000
98.000000 0.000000 0.000000 0.050057 1.000000
30.000000 136.000000 0.000000 0.000812 0.000000
48.000000 115.000000 0.000000 0.041715 1.000000
55.000000 139.000000 0.000000 0.008102 0.000000
52.000000 138.000000 0.000000 0.156368 1.000000
54.000000 116.000000 0.000000 0.008195 0.000000
75.000000 136.000000 0.000000 0.012558 0.000000
79.000000 135.000000 0.000000 0.164966 1.000000
70.000000 110.000000 0.000000 0.015440 0.000000
76.000000 108.000000 0.000000 0.059708 1.000000
