65.000000 143.000000 0.000000 0.417225 2.000000
68.000000 157.000000 0.000000 0.762003 3.000000
64.000000 122.000000 0.000000 0.493013 2.000000
63.000000 131.000000 0.000000 0.712757 3.000000
61.000000 116.000000 0.000000 0.487174 2.000000
63.000000 109.000000 0.000000 0.612257 3.000000
63.000000 120.000000 0.000000 0.518697 3.000000
62.000000 119.000000 0.000000 0.517941 3.000000
64.000000 54.000000 0.000000 0.204047 2.000000
67.000000 51.000000 0.000000 0.340545 3.000000
61.000000 53.000000 0.000000 0.181990 2.000000
58.000000 51.000000 0.000000 0.337963 3.000000
63.000000 37.000000 0.000000 0.000000 0.000000
40.000000 0.000000 0.000000 0.050003 1.000000
126.000000 160.000000 0.000000 0.000294 0.000000
115.000000 0.000000 0.000000 0.050064 1.000000
26.000000 155.000000 0.000000 0.000474 0.000000
45.000000 112.000000 0.000000 0.030516 1.000000
54.000000 112.000000 0.000000 0.004094 0.000000
58.000000 111.000000 0.000000 0.010565 0.000000
57.000000 111.000000 0.000000 0.061357 1.000000
70.000000 133.000000 0.000000 0.015606 0.000000
76.000000 130.000000 0.000000 0.082603 1.000000
79.000000 154.000000 0.000000 0.018439 0.000000
83.000000 153.000000 0.000000 0.202524 1.000000
56.000000 159.000000 0.000000 0.021359 0.000000
52.000000 156.000000 0.000000 0.155727 1.000000
57.000000 129.000000 0.000000 0.027930 0.000000
55.000000 131.000000 0.000000 0.064076 1.000000
66.000000 119.000000 0.000000 0.051762 0.000000
70.000000 118.000000 0.000000 0.087170 1.000000
62.000000 120.000000 0.000000 0.483841 2.000000
