65.000000 123.000000 0.000000 0.312592 2.000000
66.000000 141.000000 0.000000 0.791588 3.000000
63.000000 97.000000 0.000000 0.544573 2.000000
63.000000 112.000000 0.000000 0.613780 3.000000
63.000000 93.000000 0.000000 0.570112 3.000000
64.000000 54.000000 0.000000 0.205329 2.000000
67.000000 51.000000 0.000000 0.337688 3.000000
61.000000 53.000000 0.000000 0.177778 2.000000
58.000000 51.000000 0.000000 0.335838 3.000000
63.000000 37.000000 0.000000 0.000000 0.000000
42.000000 0.000000 0.000000 0.050044 1.000000
106.000000 137.000000 0.000000 0.000361 0.000000
99.000000 0.000000 0.000000 0.050055 1.000000
30.000000 140.000000 0.000000 0.000658 0.000000
46.000000 117.000000 0.000000 0.036935 1.000000
71.000000 114.000000 0.000000 0.007397 0.000000
78.000000 112.000000 0.000000 0.057178 1.000000
55.000000 143.000000 0.000000 0.007776 0.000000
52.000000 142.000000 0.000000 0.160667 1.000000
53.000000 118.000000 0.000000 0.008318 0.000000
76.000000 139.000000 0.000000 0.034885 0.000000
79.000000 140.000000 0.000000 0.171766 1.000000
