66.000000 142.000000 0.000000 0.408049 2.000000
66.000000 157.000000 0.000000 0.767468 3.000000
61.000000 117.000000 0.000000 0.478902 2.000000
63.000000 126.000000 0.000000 0.678484 3.000000
63.000000 108.000000 0.000000 0.607280 3.000000
64.000000 54.000000 0.000000 0.203920 2.000000
67.000000 51.000000 0.000000 0.340136 3.000000
61.000000 53.000000 0.000000 0.181426 2.000000
58.000000 51.000000 0.000000 0.338144 3.000000
63.000000 37.000000 0.000000 0.000000 0.000000
32.000000 0.000000 0.000000 0.050009 1.000000
124.000000 154.000000 0.000000 0.000010 0.000000
83.000000 127.000000 0.000000 0.047207 1.000000
24.000000 154.000000 0.000000 0.000398 0.000000
44.000000 111.000000 0.000000 0.032333 1.000000
55.000000 111.000000 0.000000 0.005889 0.000000
75.000000 130.000000 0.000000 0.009047 0.000000
55.000000 159.000000 0.000000 0.013515 0.000000
51.000000 155.000000 0.000000 0.154913 1.000000
58.000000 110.000000 0.000000 0.029776 0.000000
57.000000 111.000000 0.000000 0.055477 1.000000
78.000000 155.000000 0.000000 0.029922 0.000000
82.000000 154.000000 0.000000 0.195686 1.000000
95.000000 0.000000 0.000000 0.050060 1.000000
