66.000000 146.000000 0.000000 0.426460 2.000000
68.000000 161.000000 0.000000 0.771415 3.000000
63.000000 123.000000 0.000000 0.429860 2.000000
64.000000 134.000000 0.000000 0.716787 3.000000
63.000000 109.000000 0.000000 0.517790 2.000000
61.000000 114.000000 0.000000 0.601044 3.000000
64.000000 101.000000 0.000000 0.592202 3.000000
64.000000 54.000000 0.000000 0.203796 2.000000
67.000000 51.000000 0.000000 0.340499 3.000000
61.000000 53.000000 0.000000 0.180975 2.000000
58.000000 51.000000 0.000000 0.337650 3.000000
63.000000 37.000000 0.000000 0.000000 0.000000
47.000000 0.000000 0.000000 0.050007 1.000000
25.000000 159.000000 0.000000 0.000189 0.000000
47.000000 133.000000 0.000000 0.033484 1.000000
126.000000 168.000000 0.000000 0.000489 0.000000
86.000000 87.000000 0.000000 0.040719 1.000000
69.000000 101.000000 0.000000 0.009215 0.000000
55.000000 135.000000 0.000000 0.009432 0.000000
57.000000 114.000000 0.000000 0.009927 0.000000
56.000000 115.000000 0.000000 0.076940 1.000000
73.000000 136.000000 0.000000 0.011770 0.000000
80.000000 133.000000 0.000000 0.068185 1.000000
79.000000 158.000000 0.000000 0.023714 0.000000
84.000000 158.000000 0.000000 0.203214 1.000000
57.000000 164.000000 0.000000 0.024651 0.000000
53.000000 161.000000 0.000000 0.160101 1.000000
66.000000 122.000000 0.000000 0.080007 0.000000
69.000000 122.000000 0.000000 0.105910 1.000000
127.000000 7.000000 0.000000 0.050053 1.000000
