60.000000 117.000000 0.000000 0.352970 2.000000
65.000000 133.000000 0.000000 0.793726 3.000000
64.000000 106.000000 0.000000 0.567824 2.000000
63.000000 105.000000 0.000000 0.613382 3.000000
64.000000 107.000000 0.000000 0.598366 3.000000
64.000000 54.000000 0.000000 0.205137 2.000000
67.000000 51.000000 0.000000 0.337147 3.000000
61.000000 53.000000 0.000000 0.177903 2.000000
58.000000 51.000000 0.000000 0.335876 3.000000
63.000000 37.000000 0.000000 0.000000 0.000000
30.000000 0.000000 0.000000 0.050024 1.000000
102.000000 130.000000 0.000000 0.000752 0.000000
81.000000 0.000000 0.000000 0.050053 1.000000
31.000000 133.000000 0.000000 0.000839 0.000000
49.000000 112.000000 0.000000 0.044222 1.000000
55.000000 113.000000 0.000000 0.004469 0.000000
68.000000 107.000000 0.000000 0.009588 0.000000
74.000000 104.000000 0.000000 0.063432 1.000000
55.000000 135.000000 0.000000 0.017475 0.000000
52.000000 134.000000 0.000000 0.149945 1.000000
75.000000 132.000000 0.000000 0.030656 0.000000
78.000000 133.000000 0.000000 0.167175 1.000000
