65.000000 124.000000 0.000000 0.352209 2.000000
65.000000 140.000000 0.000000 0.774700 3.000000
63.000000 113.000000 0.000000 0.581812 2.000000
64.000000 113.000000 0.000000 0.606226 3.000000
63.000000 112.000000 0.000000 0.605888 3.000000
64.000000 54.000000 0.000000 0.205168 2.000000
67.000000 51.000000 0.000000 0.337248 3.000000
61.000000 53.000000 0.000000 0.177987 2.000000
58.000000 51.000000 0.000000 0.336213 3.000000
63.000000 37.000000 0.000000 0.000000 0.000000
42.000000 0.000000 0.000000 0.050026 1.000000
28.000000 139.000000 0.000000 0.000286 0.000000
47.000000 118.000000 0.000000 0.041972 1.000000
104.000000 136.000000 0.000000 0.000662 0.000000
102.000000 0.000000 0.000000 0.050062 1.000000
54.000000 119.000000 0.000000 0.006407 0.000000
75.000000 138.000000 0.000000 0.006564 0.000000
78.000000 139.000000 0.000000 0.166956 1.000000
71.000000 114.000000 0.000000 0.008437 0.000000
78.000000 112.000000 0.000000 0.055505 1.000000
54.000000 142.000000 0.000000 0.015691 0.000000
51.000000 141.000000 0.000000 0.158641 1.000000
