67.000000 149.000000 0.000000 0.452338 2.000000
69.000000 164.000000 0.000000 0.761790 3.000000
63.000000 138.000000 0.000000 0.682036 3.000000
63.000000 113.000000 0.000000 0.510210 2.000000
64.000000 105.000000 0.000000 0.611355 3.000000
60.000000 116.000000 0.000000 0.561305 3.000000
60.000000 122.000000 0.000000 0.365638 2.000000
62.000000 124.000000 0.000000 0.391481 3.000000
64.000000 54.000000 0.000000 0.204415 2.000000
67.000000 51.000000 0.000000 0.341088 3.000000
61.000000 53.000000 0.000000 0.181507 2.000000
58.000000 51.000000 0.000000 0.337619 3.000000
63.000000 37.000000 0.000000 0.000000 0.000000
40.000000 0.000000 0.000000 0.050003 1.000000
126.000000 140.000000 0.000000 0.000498 0.000000
80.000000 100.000000 0.000000 0.042429 1.000000
25.000000 161.000000 0.000000 0.000568 0.000000
46.000000 136.000000 0.000000 0.029287 1.000000
54.000000 137.000000 0.000000 0.001817 0.000000
70.000000 106.000000 0.000000 0.002534 0.000000
69.000000 123.000000 0.000000 0.009932 0.000000
75.000000 122.000000 0.000000 0.066850 1.000000
71.000000 140.000000 0.000000 0.020491 0.000000
77.000000 137.000000 0.000000 0.086642 1.000000
57.000000 166.000000 0.000000 0.023318 0.000000
53.000000 163.000000 0.000000 0.155604 1.000000
80.000000 161.000000 0.000000 0.027499 0.000000
85.000000 164.000000 0.000000 0.210409 1.000000
56.000000 115.000000 0.000000 0.048291 0.000000
56.000000 114.000000 0.000000 0.089013 1.000000
57.000000 114.000000 0.000000 0.057594 0.000000
62.000000 127.000000 0.000000 0.324804 2.000000
90.000000 0.000000 0.000000 0.050061 1.000000
54.000000 116.000000 0.000000 0.111540 1.000000
