64.000000 123.000000 0.000000 0.286879 2.000000
67.000000 141.000000 0.000000 0.769856 3.000000
62.000000 110.000000 0.000000 0.580709 2.000000
63.000000 111.000000 0.000000 0.625324 3.000000
62.000000 107.000000 0.000000 0.607773 3.000000
63.000000 95.000000 0.000000 0.540026 2.000000
63.000000 92.000000 0.000000 0.565112 3.000000
64.000000 54.000000 0.000000 0.205377 2.000000
67.000000 51.000000 0.000000 0.337458 3.000000
61.000000 53.000000 0.000000 0.178035 2.000000
58.000000 51.000000 0.000000 0.336046 3.000000
63.000000 37.000000 0.000000 0.000000 0.000000
37.000000 0.000000 0.000000 0.050028 1.000000
105.000000 137.000000 0.000000 0.000531 0.000000
106.000000 0.000000 0.000000 0.050064 1.000000
29.000000 140.000000 0.000000 0.000541 0.000000
43.000000 115.000000 0.000000 0.032688 1.000000
68.000000 112.000000 0.000000 0.005744 0.000000
69.000000 113.000000 0.000000 0.037317 1.000000
51.000000 116.000000 0.000000 0.006268 0.000000
70.000000 113.000000 0.000000 0.010682 0.000000
55.000000 143.000000 0.000000 0.016300 0.000000
51.000000 142.000000 0.000000 0.171239 1.000000
75.000000 138.000000 0.000000 0.024878 0.000000
78.000000 138.000000 0.000000 0.160692 1.000000
77.000000 110.000000 0.000000 0.055743 1.000000
