66.000000 143.000000 0.000000 0.423443 2.000000
68.000000 158.000000 0.000000 0.774642 3.000000
64.000000 132.000000 0.000000 0.698334 3.000000
64.000000 98.000000 0.000000 0.547468 2.000000
64.000000 102.000000 0.000000 0.593619 3.000000
62.000000 112.000000 0.000000 0.545687 2.000000
61.000000 112.000000 0.000000 0.574743 3.000000
63.000000 93.000000 0.000000 0.573498 3.000000
62.000000 111.000000 0.000000 0.573429 3.000000
64.000000 54.000000 0.000000 0.203817 2.000000
67.000000 51.000000 0.000000 0.339788 3.000000
61.000000 53.000000 0.000000 0.180157 2.000000
58.000000 51.000000 0.000000 0.336941 3.000000
63.000000 37.000000 0.000000 0.000000 0.000000
43.000000 0.000000 0.000000 0.050023 1.000000
126.000000 142.000000 0.000000 0.000344 0.000000
105.000000 0.000000 0.000000 0.050077 1.000000
26.000000 156.000000 0.000000 0.000647 0.000000
47.000000 132.000000 0.000000 0.033421 1.000000
55.000000 133.000000 0.000000 0.009225 0.000000
71.000000 133.000000 0.000000 0.010013 0.000000
78.000000 130.000000 0.000000 0.074884 1.000000
79.000000 155.000000 0.000000 0.012103 0.000000
83.000000 157.000000 0.000000 0.201499 1.000000
57.000000 111.000000 0.000000 0.020089 0.000000
55.000000 111.000000 0.000000 0.092318 1.000000
57.000000 160.000000 0.000000 0.028074 0.000000
53.000000 157.000000 0.000000 0.155270 1.000000
67.000000 120.000000 0.000000 0.052960 0.000000
71.000000 119.000000 0.000000 0.088420 1.000000
60.000000 118.000000 0.000000 0.402914 2.000000
62.000000 110.000000 0.000000 0.526834 2.000000
