60.000000 130.000000 0.000000 0.349346 2.000000
59.000000 147.000000 0.000000 0.763140 3.000000
62.000000 110.000000 0.000000 0.551194 2.000000
62.000000 119.000000 0.000000 0.668483 3.000000
62.000000 98.000000 0.000000 0.581885 3.000000
61.000000 53.000000 0.000000 0.180328 2.000000
58.000000 51.000000 0.000000 0.339117 3.000000
64.000000 54.000000 0.000000 0.203392 2.000000
67.000000 51.000000 0.000000 0.337595 3.000000
63.000000 37.000000 0.000000 0.000000 0.000000
82.000000 0.000000 0.000000 0.049994 1.000000
15.000000 142.000000 0.000000 0.000103 0.000000
40.000000 0.000000 0.000000 0.050052 1.000000
98.000000 146.000000 0.000000 0.000362 0.000000
82.000000 122.000000 0.000000 0.032288 1.000000
53.000000 121.000000 0.000000 0.003653 0.000000
46.000000 119.000000 0.000000 0.056892 1.000000
73.000000 123.000000 0.000000 0.003992 0.000000
67.000000 102.000000 0.000000 0.007274 0.000000
78.000000 99.000000 0.000000 0.036367 1.000000
68.000000 122.000000 0.000000 0.011259 0.000000
69.000000 122.000000 0.000000 0.056422 1.000000
49.000000 144.000000 0.000000 0.015876 0.000000
45.000000 143.000000 0.000000 0.175344 1.000000
70.000000 149.000000 0.000000 0.019897 0.000000
74.000000 148.000000 0.000000 0.166788 1.000000
