66.000000 117.000000 0.000000 0.359778 2.000000
60.000000 132.000000 0.000000 0.766451 3.000000
62.000000 106.000000 0.000000 0.559615 2.000000
62.000000 104.000000 0.000000 0.605385 3.000000
61.000000 107.000000 0.000000 0.589706 3.000000
61.000000 53.000000 0.000000 0.178483 2.000000
58.000000 51.000000 0.000000 0.337335 3.000000
64.000000 54.000000 0.000000 0.204477 2.000000
67.000000 51.000000 0.000000 0.336150 3.000000
63.000000 37.000000 0.000000 0.000000 0.000000
79.000000 0.000000 0.000000 0.050033 1.000000
95.000000 132.000000 0.000000 0.000622 0.000000
78.000000 111.000000 0.000000 0.042805 1.000000
24.000000 129.000000 0.000000 0.000902 0.000000
42.000000 0.000000 0.000000 0.050042 1.000000
71.000000 112.000000 0.000000 0.010767 0.000000
57.000000 106.000000 0.000000 0.015287 0.000000
52.000000 103.000000 0.000000 0.062712 1.000000
71.000000 135.000000 0.000000 0.020139 0.000000
74.000000 134.000000 0.000000 0.160939 1.000000
51.000000 130.000000 0.000000 0.022839 0.000000
47.000000 131.000000 0.000000 0.155765 1.000000
68.000000 111.000000 0.000000 0.036849 0.000000
68.000000 112.000000 0.000000 0.067367 1.000000
