65.000000 131.000000 0.000000 0.371391 2.000000
66.000000 147.000000 0.000000 0.775739 3.000000
63.000000 115.000000 0.000000 0.563489 2.000000
64.000000 121.000000 0.000000 0.641215 3.000000
63.000000 113.000000 0.000000 0.591592 3.000000
62.000000 100.000000 0.000000 0.546953 2.000000
63.000000 97.000000 0.000000 0.585221 3.000000
62.000000 102.000000 0.000000 0.575005 3.000000
64.000000 54.000000 0.000000 0.205277 2.000000
67.000000 51.000000 0.000000 0.337690 3.000000
61.000000 53.000000 0.000000 0.178170 2.000000
58.000000 51.000000 0.000000 0.336147 3.000000
63.000000 37.000000 0.000000 0.000000 0.000000
44.000000 0.000000 0.000000 0.050016 1.000000
110.000000 142.000000 0.000000 0.000399 0.000000
74.000000 0.000000 0.000000 0.050046 1.000000
27.000000 146.000000 0.000000 0.000584 0.000000
45.000000 123.000000 0.000000 0.035135 1.000000
53.000000 124.000000 0.000000 0.006282 0.000000
72.000000 121.000000 0.000000 0.008225 0.000000
79.000000 119.000000 0.000000 0.058370 1.000000
76.000000 145.000000 0.000000 0.018760 0.000000
79.000000 143.000000 0.000000 0.180268 1.000000
55.000000 149.000000 0.000000 0.019128 0.000000
51.000000 147.000000 0.000000 0.160503 1.000000
63.000000 107.000000 0.000000 0.542874 2.000000
