60.000000 114.000000 0.000000 0.420953 2.000000
65.000000 131.000000 0.000000 0.792446 3.000000
63.000000 102.000000 0.000000 0.602997 3.000000
64.000000 54.000000 0.000000 0.205209 2.000000
67.000000 51.000000 0.000000 0.337173 3.000000
61.000000 53.000000 0.000000 0.177900 2.000000
58.000000 51.000000 0.000000 0.335998 3.000000
63.000000 37.000000 0.000000 0.000000 0.000000
32.000000 0.000000 0.000000 0.050026 1.000000
32.000000 129.000000 0.000000 0.000909 0.000000
50.000000 108.000000 0.000000 0.049526 1.000000
100.000000 127.000000 0.000000 0.001132 0.000000
96.000000 0.000000 0.000000 0.050056 1.000000
74.000000 129.000000 0.000000 0.006587 0.000000
77.000000 130.000000 0.000000 0.159169 1.000000
58.000000 109.000000 0.000000 0.007844 0.000000
57.000000 109.000000 0.000000 0.033253 1.000000
56.000000 110.000000 0.000000 0.008810 0.000000
55.000000 132.000000 0.000000 0.023958 0.000000
52.000000 131.000000 0.000000 0.148314 1.000000
68.000000 103.000000 0.000000 0.028153 0.000000
72.000000 100.000000 0.000000 0.062107 1.000000
