59.000000 142.000000 0.000000 0.427566 2.000000
58.000000 157.000000 0.000000 0.756613 3.000000
62.000000 131.000000 0.000000 0.694310 3.000000
61.000000 107.000000 0.000000 0.512830 2.000000
62.000000 96.000000 0.000000 0.587429 3.000000
64.000000 111.000000 0.000000 0.580932 3.000000
61.000000 119.000000 0.000000 0.420567 2.000000
62.000000 119.000000 0.000000 0.446731 3.000000
61.000000 53.000000 0.000000 0.181571 2.000000
58.000000 51.000000 0.000000 0.340517 3.000000
64.000000 54.000000 0.000000 0.203971 2.000000
67.000000 51.000000 0.000000 0.338006 3.000000
63.000000 37.000000 0.000000 0.000000 0.000000
88.000000 0.000000 0.000000 0.049984 1.000000
0.000000 157.000000 0.000000 0.000433 0.000000
49.000000 91.000000 0.000000 0.041461 1.000000
101.000000 154.000000 0.000000 0.000480 0.000000
86.000000 111.000000 0.000000 0.029144 1.000000
73.000000 110.000000 0.000000 0.005232 0.000000
53.000000 132.000000 0.000000 0.007861 0.000000
46.000000 130.000000 0.000000 0.069001 1.000000
71.000000 132.000000 0.000000 0.009833 0.000000
79.000000 131.000000 0.000000 0.034573 1.000000
57.000000 100.000000 0.000000 0.009955 0.000000
47.000000 154.000000 0.000000 0.013416 0.000000
43.000000 156.000000 0.000000 0.198835 1.000000
58.000000 118.000000 0.000000 0.031340 0.000000
54.000000 117.000000 0.000000 0.081581 1.000000
68.000000 110.000000 0.000000 0.032368 0.000000
69.000000 111.000000 0.000000 0.086369 1.000000
70.000000 159.000000 0.000000 0.033432 0.000000
73.000000 156.000000 0.000000 0.160415 1.000000
63.000000 117.000000 0.000000 0.408186 2.000000
33.000000 0.000000 0.000000 0.050065 1.000000
