65.000000 114.000000 0.000000 0.401070 2.000000
60.000000 130.000000 0.000000 0.785300 3.000000
62.000000 101.000000 0.000000 0.598212 3.000000
61.000000 53.000000 0.000000 0.178360 2.000000
58.000000 51.000000 0.000000 0.337424 3.000000
64.000000 54.000000 0.000000 0.204325 2.000000
67.000000 51.000000 0.000000 0.335905 3.000000
63.000000 37.000000 0.000000 0.000000 0.000000
84.000000 0.000000 0.000000 0.050032 1.000000
93.000000 129.000000 0.000000 0.000554 0.000000
75.000000 108.000000 0.000000 0.048880 1.000000
25.000000 126.000000 0.000000 0.001637 0.000000
50.000000 0.000000 0.000000 0.050063 1.000000
69.000000 110.000000 0.000000 0.006545 0.000000
51.000000 127.000000 0.000000 0.010067 0.000000
48.000000 129.000000 0.000000 0.157428 1.000000
57.000000 103.000000 0.000000 0.023450 0.000000
52.000000 100.000000 0.000000 0.062752 1.000000
70.000000 132.000000 0.000000 0.025835 0.000000
74.000000 130.000000 0.000000 0.150070 1.000000
