61.000000 130.000000 0.000000 0.362677 2.000000
59.000000 146.000000 0.000000 0.755596 3.000000
62.000000 114.000000 0.000000 0.560701 2.000000
62.000000 120.000000 0.000000 0.657536 3.000000
62.000000 112.000000 0.000000 0.589686 3.000000
62.000000 106.000000 0.000000 0.551573 2.000000
63.000000 102.000000 0.000000 0.583316 3.000000
61.000000 53.000000 0.000000 0.181213 2.000000
58.000000 51.000000 0.000000 0.339736 3.000000
64.000000 54.000000 0.000000 0.203293 2.000000
67.000000 51.000000 0.000000 0.338517 3.000000
63.000000 37.000000 0.000000 0.000000 0.000000
80.000000 0.000000 0.000000 0.050047 1.000000
99.000000 145.000000 0.000000 0.000603 0.000000
82.000000 123.000000 0.000000 0.032340 1.000000
16.000000 142.000000 0.000000 0.000633 0.000000
26.000000 0.000000 0.000000 0.050060 1.000000
74.000000 123.000000 0.000000 0.004600 0.000000
55.000000 121.000000 0.000000 0.011227 0.000000
49.000000 119.000000 0.000000 0.065646 1.000000
49.000000 144.000000 0.000000 0.014602 0.000000
46.000000 146.000000 0.000000 0.175326 1.000000
71.000000 149.000000 0.000000 0.022261 0.000000
75.000000 147.000000 0.000000 0.163941 1.000000
