66.000000 148.000000 0.000000 0.389963 2.000000
69.000000 164.000000 0.000000 0.761319 3.000000
64.000000 136.000000 0.000000 0.691726 3.000000
64.000000 114.000000 0.000000 0.503514 2.000000
64.000000 105.000000 0.000000 0.601652 3.000000
60.000000 119.000000 0.000000 0.599456 3.000000
64.000000 54.000000 0.000000 0.204032 2.000000
67.000000 51.000000 0.000000 0.340713 3.000000
61.000000 53.000000 0.000000 0.181995 2.000000
58.000000 51.000000 0.000000 0.337648 3.000000
63.000000 37.000000 0.000000 0.000000 0.000000
38.000000 0.000000 0.000000 0.049995 1.000000
26.000000 162.000000 0.000000 0.000213 0.000000
126.000000 174.000000 0.000000 0.000532 0.000000
77.000000 97.000000 0.000000 0.042536 1.000000
74.000000 138.000000 0.000000 0.005809 0.000000
81.000000 135.000000 0.000000 0.067381 1.000000
69.000000 106.000000 0.000000 0.006246 0.000000
58.000000 167.000000 0.000000 0.018887 0.000000
54.000000 164.000000 0.000000 0.158107 1.000000
81.000000 161.000000 0.000000 0.023027 0.000000
85.000000 163.000000 0.000000 0.209885 1.000000
56.000000 119.000000 0.000000 0.039769 0.000000
54.000000 119.000000 0.000000 0.083177 1.000000
59.000000 127.000000 0.000000 0.385587 2.000000
127.000000 16.000000 0.000000 0.050057 1.000000
