66.000000 144.000000 0.000000 0.368041 2.000000
69.000000 161.000000 0.000000 0.764400 3.000000
60.000000 122.000000 0.000000 0.438201 2.000000
64.000000 132.000000 0.000000 0.681647 3.000000
61.000000 115.000000 0.000000 0.571971 2.000000
61.000000 116.000000 0.000000 0.608122 3.000000
62.000000 115.000000 0.000000 0.602319 3.000000
64.000000 110.000000 0.000000 0.538794 2.000000
64.000000 103.000000 0.000000 0.597880 3.000000
64.000000 54.000000 0.000000 0.204033 2.000000
67.000000 51.000000 0.000000 0.340609 3.000000
61.000000 53.000000 0.000000 0.182010 2.000000
58.000000 51.000000 0.000000 0.337883 3.000000
63.000000 37.000000 0.000000 0.000000 0.000000
40.000000 0.000000 0.000000 0.050022 1.000000
126.000000 168.000000 0.000000 0.000444 0.000000
119.000000 0.000000 0.000000 0.050044 1.000000
26.000000 159.000000 0.000000 0.000536 0.000000
57.000000 116.000000 0.000000 0.001849 0.000000
56.000000 116.000000 0.000000 0.081216 1.000000
73.000000 134.000000 0.000000 0.014904 0.000000
81.000000 132.000000 0.000000 0.064751 1.000000
57.000000 163.000000 0.000000 0.017458 0.000000
53.000000 160.000000 0.000000 0.161527 1.000000
80.000000 158.000000 0.000000 0.018271 0.000000
84.000000 156.000000 0.000000 0.205016 1.000000
