65.000000 127.000000 0.000000 0.351879 2.000000
65.000000 143.000000 0.000000 0.774009 3.000000
63.000000 99.000000 0.000000 0.550056 2.000000
62.000000 110.000000 0.000000 0.625201 3.000000
63.000000 95.000000 0.000000 0.579712 3.000000
62.000000 116.000000 0.000000 0.540041 2.000000
64.000000 117.000000 0.000000 0.567271 3.000000
64.000000 54.000000 0.000000 0.205272 2.000000
67.000000 51.000000 0.000000 0.337476 3.000000
61.000000 53.000000 0.000000 0.178101 2.000000
58.000000 51.000000 0.000000 0.336342 3.000000
63.000000 37.000000 0.000000 0.000000 0.000000
33.000000 0.000000 0.000000 0.050027 1.000000
27.000000 143.000000 0.000000 0.000555 0.000000
48.000000 120.000000 0.000000 0.039902 1.000000
106.000000 139.000000 0.000000 0.000775 0.000000
80.000000 116.000000 0.000000 0.048718 1.000000
73.000000 117.000000 0.000000 0.003638 0.000000
57.000000 121.000000 0.000000 0.007270 0.000000
58.000000 110.000000 0.000000 0.007305 0.000000
50.000000 110.000000 0.000000 0.040487 1.000000
54.000000 146.000000 0.000000 0.026705 0.000000
51.000000 145.000000 0.000000 0.161386 1.000000
75.000000 141.000000 0.000000 0.027608 0.000000
79.000000 139.000000 0.000000 0.173144 1.000000
103.000000 0.000000 0.000000 0.050049 1.000000
