67.000000 149.000000 0.000000 0.534196 2.000000
67.000000 165.000000 0.000000 0.753814 3.000000
66.000000 139.000000 0.000000 0.721966 3.000000
64.000000 116.000000 0.000000 0.530538 2.000000
64.000000 110.000000 0.000000 0.623755 3.000000
61.000000 119.000000 0.000000 0.566536 3.000000
64.000000 54.000000 0.000000 0.204042 2.000000
67.000000 51.000000 0.000000 0.340795 3.000000
61.000000 53.000000 0.000000 0.181634 2.000000
58.000000 51.000000 0.000000 0.337614 3.000000
63.000000 37.000000 0.000000 0.000000 0.000000
35.000000 0.000000 0.000000 0.050015 1.000000
22.000000 161.000000 0.000000 0.000437 0.000000
126.000000 140.000000 0.000000 0.000572 0.000000
73.000000 107.000000 0.000000 0.050002 1.000000
75.000000 139.000000 0.000000 0.009992 0.000000
72.000000 138.000000 0.000000 0.036685 1.000000
72.000000 137.000000 0.000000 0.011293 0.000000
56.000000 165.000000 0.000000 0.016158 0.000000
53.000000 161.000000 0.000000 0.147151 1.000000
57.000000 117.000000 0.000000 0.016921 0.000000
55.000000 118.000000 0.000000 0.115413 1.000000
69.000000 110.000000 0.000000 0.024201 0.000000
79.000000 161.000000 0.000000 0.025924 0.000000
85.000000 161.000000 0.000000 0.201205 1.000000
61.000000 125.000000 0.000000 0.373915 2.000000
101.000000 0.000000 0.000000 0.050056 1.000000
82.000000 136.000000 0.000000 0.062049 1.000000
