58.000000 119.000000 0.000000 0.299977 2.000000
66.000000 138.000000 0.000000 0.784421 3.000000
63.000000 108.000000 0.000000 0.611884 3.000000
64.000000 54.000000 0.000000 0.205349 2.000000
67.000000 51.000000 0.000000 0.337317 3.000000
61.000000 53.000000 0.000000 0.178157 2.000000
58.000000 51.000000 0.000000 0.336108 3.000000
63.000000 37.000000 0.000000 0.000000 0.000000
40.000000 0.000000 0.000000 0.050024 1.000000
103.000000 134.000000 0.000000 0.000577 0.000000
90.000000 0.000000 0.000000 0.050064 1.000000
30.000000 137.000000 0.000000 0.000804 0.000000
44.000000 113.000000 0.000000 0.036637 1.000000
69.000000 109.000000 0.000000 0.005531 0.000000
75.000000 107.000000 0.000000 0.057560 1.000000
52.000000 114.000000 0.000000 0.008972 0.000000
75.000000 136.000000 0.000000 0.014107 0.000000
78.000000 132.000000 0.000000 0.161089 1.000000
57.000000 113.000000 0.000000 0.025564 0.000000
55.000000 114.000000 0.000000 0.060669 1.000000
55.000000 140.000000 0.000000 0.028283 0.000000
51.000000 138.000000 0.000000 0.166979 1.000000
