60.000000 138.000000 0.000000 0.382209 2.000000
58.000000 154.000000 0.000000 0.770347 3.000000
61.000000 119.000000 0.000000 0.508287 2.000000
62.000000 128.000000 0.000000 0.718078 3.000000
62.000000 99.000000 0.000000 0.550385 2.000000
62.000000 105.000000 0.000000 0.597572 3.000000
62.000000 93.000000 0.000000 0.580479 3.000000
63.000000 115.000000 0.000000 0.541658 3.000000
61.000000 53.000000 0.000000 0.181093 2.000000
58.000000 51.000000 0.000000 0.340139 3.000000
64.000000 54.000000 0.000000 0.203093 2.000000
67.000000 51.000000 0.000000 0.337757 3.000000
63.000000 37.000000 0.000000 0.000000 0.000000
89.000000 0.000000 0.000000 0.050005 1.000000
6.000000 148.000000 0.000000 0.000241 0.000000
50.000000 0.000000 0.000000 0.050047 1.000000
99.000000 152.000000 0.000000 0.000615 0.000000
82.000000 127.000000 0.000000 0.028710 1.000000
73.000000 127.000000 0.000000 0.001188 0.000000
70.000000 108.000000 0.000000 0.007097 0.000000
81.000000 107.000000 0.000000 0.033268 1.000000
55.000000 129.000000 0.000000 0.009444 0.000000
48.000000 126.000000 0.000000 0.074010 1.000000
69.000000 157.000000 0.000000 0.024272 0.000000
74.000000 154.000000 0.000000 0.163364 1.000000
47.000000 152.000000 0.000000 0.027158 0.000000
44.000000 152.000000 0.000000 0.188047 1.000000
68.000000 127.000000 0.000000 0.031657 0.000000
70.000000 127.000000 0.000000 0.067688 1.000000
59.000000 115.000000 0.000000 0.046473 0.000000
54.000000 114.000000 0.000000 0.078059 1.000000
64.000000 114.000000 0.000000 0.506406 2.000000
