58.000000 144.000000 0.000000 0.416480 2.000000
58.000000 159.000000 0.000000 0.734597 3.000000
61.000000 133.000000 0.000000 0.666197 3.000000
61.000000 103.000000 0.000000 0.576364 2.000000
62.000000 116.000000 0.000000 0.631702 3.000000
62.000000 99.000000 0.000000 0.600782 3.000000
61.000000 53.000000 0.000000 0.180843 2.000000
58.000000 51.000000 0.000000 0.340764 3.000000
64.000000 54.000000 0.000000 0.203801 2.000000
67.000000 51.000000 0.000000 0.338109 3.000000
63.000000 37.000000 0.000000 0.000000 0.000000
84.000000 0.000000 0.000000 0.050008 1.000000
101.000000 155.000000 0.000000 0.000682 0.000000
74.000000 135.000000 0.000000 0.043462 1.000000
0.000000 138.000000 0.000000 0.000891 0.000000
0.000000 8.000000 0.000000 0.050063 1.000000
46.000000 155.000000 0.000000 0.004768 0.000000
41.000000 159.000000 0.000000 0.207342 1.000000
68.000000 135.000000 0.000000 0.005131 0.000000
69.000000 161.000000 0.000000 0.006577 0.000000
73.000000 157.000000 0.000000 0.157761 1.000000
51.000000 133.000000 0.000000 0.007317 0.000000
44.000000 130.000000 0.000000 0.062571 1.000000
69.000000 117.000000 0.000000 0.063961 0.000000
71.000000 119.000000 0.000000 0.102455 1.000000
67.000000 125.000000 0.000000 0.346420 2.000000
