66.000000 142.000000 0.000000 0.410196 2.000000
67.000000 157.000000 0.000000 0.761473 3.000000
62.000000 116.000000 0.000000 0.465017 2.000000
63.000000 128.000000 0.000000 0.671469 3.000000
63.000000 105.000000 0.000000 0.548173 2.000000
63.000000 108.000000 0.000000 0.605250 3.000000
63.000000 95.000000 0.000000 0.576931 3.000000
64.000000 54.000000 0.000000 0.204073 2.000000
67.000000 51.000000 0.000000 0.340611 3.000000
61.000000 53.000000 0.000000 0.181677 2.000000
58.000000 51.000000 0.000000 0.337778 3.000000
63.000000 37.000000 0.000000 0.000000 0.000000
37.000000 0.000000 0.000000 0.049990 1.000000
126.000000 143.000000 0.000000 0.000202 0.000000
91.000000 0.000000 0.000000 0.050037 1.000000
25.000000 154.000000 0.000000 0.000361 0.000000
45.000000 130.000000 0.000000 0.030330 1.000000
54.000000 110.000000 0.000000 0.005086 0.000000
43.000000 110.000000 0.000000 0.030892 1.000000
55.000000 132.000000 0.000000 0.006082 0.000000
78.000000 154.000000 0.000000 0.008566 0.000000
83.000000 155.000000 0.000000 0.196816 1.000000
75.000000 130.000000 0.000000 0.010196 0.000000
72.000000 129.000000 0.000000 0.048546 1.000000
58.000000 110.000000 0.000000 0.012046 0.000000
57.000000 110.000000 0.000000 0.062282 1.000000
56.000000 159.000000 0.000000 0.020738 0.000000
52.000000 155.000000 0.000000 0.152365 1.000000
71.000000 129.000000 0.000000 0.024070 0.000000
66.000000 117.000000 0.000000 0.082181 0.000000
69.000000 116.000000 0.000000 0.110681 1.000000
82.000000 127.000000 0.000000 0.052590 1.000000
