66.000000 138.000000 0.000000 0.411059 2.000000
66.000000 154.000000 0.000000 0.761835 3.000000
63.000000 124.000000 0.000000 0.574765 2.000000
63.000000 128.000000 0.000000 0.624635 3.000000
63.000000 121.000000 0.000000 0.605447 3.000000
62.000000 112.000000 0.000000 0.506651 2.000000
63.000000 104.000000 0.000000 0.598782 3.000000
64.000000 54.000000 0.000000 0.203882 2.000000
67.000000 51.000000 0.000000 0.340201 3.000000
61.000000 53.000000 0.000000 0.182041 2.000000
58.000000 51.000000 0.000000 0.338347 3.000000
63.000000 37.000000 0.000000 0.000000 0.000000
34.000000 0.000000 0.000000 0.050031 1.000000
117.000000 148.000000 0.000000 0.000298 0.000000
112.000000 0.000000 0.000000 0.050048 1.000000
25.000000 151.000000 0.000000 0.000524 0.000000
44.000000 105.000000 0.000000 0.033928 1.000000
56.000000 107.000000 0.000000 0.005547 0.000000
77.000000 151.000000 0.000000 0.007432 0.000000
81.000000 153.000000 0.000000 0.192284 1.000000
55.000000 129.000000 0.000000 0.008737 0.000000
46.000000 127.000000 0.000000 0.034006 1.000000
55.000000 156.000000 0.000000 0.015805 0.000000
51.000000 152.000000 0.000000 0.155015 1.000000
74.000000 127.000000 0.000000 0.016802 0.000000
82.000000 125.000000 0.000000 0.051605 1.000000
67.000000 114.000000 0.000000 0.065087 0.000000
70.000000 113.000000 0.000000 0.090063 1.000000
