65.000000 117.000000 0.000000 0.353244 2.000000
60.000000 133.000000 0.000000 0.786823 3.000000
62.000000 105.000000 0.000000 0.608171 3.000000
61.000000 53.000000 0.000000 0.178335 2.000000
58.000000 51.000000 0.000000 0.337054 3.000000
64.000000 54.000000 0.000000 0.204643 2.000000
67.000000 51.000000 0.000000 0.336141 3.000000
63.000000 37.000000 0.000000 0.000000 0.000000
82.000000 0.000000 0.000000 0.050021 1.000000
24.000000 130.000000 0.000000 0.000516 0.000000
46.000000 0.000000 0.000000 0.050060 1.000000
95.000000 133.000000 0.000000 0.000670 0.000000
76.000000 112.000000 0.000000 0.046387 1.000000
70.000000 113.000000 0.000000 0.002993 0.000000
57.000000 107.000000 0.000000 0.014399 0.000000
51.000000 103.000000 0.000000 0.061447 1.000000
51.000000 131.000000 0.000000 0.024505 0.000000
47.000000 131.000000 0.000000 0.158360 1.000000
71.000000 135.000000 0.000000 0.033035 0.000000
74.000000 134.000000 0.000000 0.161662 1.000000
