60.000000 138.000000 0.000000 0.408883 2.000000
59.000000 153.000000 0.000000 0.751567 3.000000
61.000000 117.000000 0.000000 0.519970 2.000000
62.000000 128.000000 0.000000 0.663173 3.000000
62.000000 104.000000 0.000000 0.561372 2.000000
62.000000 101.000000 0.000000 0.596247 3.000000
63.000000 105.000000 0.000000 0.593846 3.000000
63.000000 113.000000 0.000000 0.522468 2.000000
62.000000 114.000000 0.000000 0.548001 3.000000
61.000000 53.000000 0.000000 0.181710 2.000000
58.000000 51.000000 0.000000 0.340050 3.000000
64.000000 54.000000 0.000000 0.203599 2.000000
67.000000 51.000000 0.000000 0.338464 3.000000
63.000000 37.000000 0.000000 0.000000 0.000000
78.000000 0.000000 0.000000 0.050023 1.000000
7.000000 148.000000 0.000000 0.000213 0.000000
52.000000 0.000000 0.000000 0.050075 1.000000
101.000000 151.000000 0.000000 0.000510 0.000000
82.000000 127.000000 0.000000 0.030694 1.000000
73.000000 129.000000 0.000000 0.003786 0.000000
69.000000 106.000000 0.000000 0.009503 0.000000
80.000000 102.000000 0.000000 0.035703 1.000000
48.000000 150.000000 0.000000 0.013179 0.000000
44.000000 148.000000 0.000000 0.192857 1.000000
56.000000 127.000000 0.000000 0.017798 0.000000
50.000000 126.000000 0.000000 0.077439 1.000000
58.000000 113.000000 0.000000 0.018585 0.000000
52.000000 112.000000 0.000000 0.063573 1.000000
70.000000 156.000000 0.000000 0.026710 0.000000
74.000000 153.000000 0.000000 0.159523 1.000000
69.000000 127.000000 0.000000 0.032091 0.000000
70.000000 127.000000 0.000000 0.057694 1.000000
