66.000000 119.000000 0.000000 0.310669 2.000000
59.000000 137.000000 0.000000 0.784290 3.000000
62.000000 107.000000 0.000000 0.619767 3.000000
61.000000 53.000000 0.000000 0.178627 2.000000
58.000000 51.000000 0.000000 0.337487 3.000000
64.000000 54.000000 0.000000 0.204612 2.000000
67.000000 51.000000 0.000000 0.336013 3.000000
63.000000 37.000000 0.000000 0.000000 0.000000
82.000000 0.000000 0.000000 0.050017 1.000000
95.000000 136.000000 0.000000 0.000547 0.000000
80.000000 114.000000 0.000000 0.035582 1.000000
21.000000 133.000000 0.000000 0.000733 0.000000
20.000000 0.000000 0.000000 0.050047 1.000000
70.000000 139.000000 0.000000 0.005594 0.000000
74.000000 136.000000 0.000000 0.159208 1.000000
73.000000 115.000000 0.000000 0.007004 0.000000
50.000000 135.000000 0.000000 0.010147 0.000000
47.000000 135.000000 0.000000 0.162919 1.000000
57.000000 109.000000 0.000000 0.011657 0.000000
52.000000 106.000000 0.000000 0.063612 1.000000
