66.000000 146.000000 0.000000 0.482995 2.000000
67.000000 160.000000 0.000000 0.755194 3.000000
65.000000 135.000000 0.000000 0.707058 3.000000
63.000000 111.000000 0.000000 0.531922 2.000000
62.000000 114.000000 0.000000 0.594009 3.000000
64.000000 100.000000 0.000000 0.556387 2.000000
64.000000 103.000000 0.000000 0.590300 3.000000
63.000000 97.000000 0.000000 0.585286 3.000000
64.000000 54.000000 0.000000 0.203989 2.000000
67.000000 51.000000 0.000000 0.340759 3.000000
61.000000 53.000000 0.000000 0.181635 2.000000
58.000000 51.000000 0.000000 0.337695 3.000000
63.000000 37.000000 0.000000 0.000000 0.000000
32.000000 0.000000 0.000000 0.050015 1.000000
126.000000 166.000000 0.000000 0.000316 0.000000
94.000000 0.000000 0.000000 0.050048 1.000000
24.000000 157.000000 0.000000 0.000423 0.000000
56.000000 162.000000 0.000000 0.008010 0.000000
52.000000 158.000000 0.000000 0.152190 1.000000
58.000000 138.000000 0.000000 0.008019 0.000000
51.000000 137.000000 0.000000 0.053124 1.000000
79.000000 157.000000 0.000000 0.009175 0.000000
84.000000 158.000000 0.000000 0.204502 1.000000
71.000000 134.000000 0.000000 0.012531 0.000000
72.000000 134.000000 0.000000 0.042573 1.000000
73.000000 135.000000 0.000000 0.018662 0.000000
57.000000 114.000000 0.000000 0.034721 0.000000
55.000000 115.000000 0.000000 0.113706 1.000000
65.000000 123.000000 0.000000 0.111740 0.000000
67.000000 122.000000 0.000000 0.136563 1.000000
60.000000 122.000000 0.000000 0.373826 2.000000
81.000000 133.000000 0.000000 0.066542 1.000000
