60.000000 114.000000 0.000000 0.437075 2.000000
65.000000 130.000000 0.000000 0.794600 3.000000
63.000000 101.000000 0.000000 0.603569 3.000000
64.000000 54.000000 0.000000 0.205248 2.000000
67.000000 51.000000 0.000000 0.337248 3.000000
61.000000 53.000000 0.000000 0.177909 2.000000
58.000000 51.000000 0.000000 0.336069 3.000000
63.000000 37.000000 0.000000 0.000000 0.000000
39.000000 0.000000 0.000000 0.050044 1.000000
32.000000 130.000000 0.000000 0.000990 0.000000
49.000000 107.000000 0.000000 0.045493 1.000000
100.000000 127.000000 0.000000 0.001038 0.000000
86.000000 0.000000 0.000000 0.050059 1.000000
55.000000 109.000000 0.000000 0.011543 0.000000
55.000000 132.000000 0.000000 0.014275 0.000000
52.000000 131.000000 0.000000 0.150131 1.000000
74.000000 129.000000 0.000000 0.017408 0.000000
77.000000 129.000000 0.000000 0.158115 1.000000
67.000000 102.000000 0.000000 0.031887 0.000000
71.000000 99.000000 0.000000 0.061923 1.000000
