64.000000 130.000000 0.000000 0.300540 2.000000
67.000000 147.000000 0.000000 0.758277 3.000000
62.000000 100.000000 0.000000 0.552685 2.000000
63.000000 119.000000 0.000000 0.656613 3.000000
63.000000 98.000000 0.000000 0.582404 3.000000
64.000000 54.000000 0.000000 0.203984 2.000000
67.000000 51.000000 0.000000 0.339150 3.000000
61.000000 53.000000 0.000000 0.179903 2.000000
58.000000 51.000000 0.000000 0.337502 3.000000
63.000000 37.000000 0.000000 0.000000 0.000000
40.000000 0.000000 0.000000 0.050032 1.000000
27.000000 147.000000 0.000000 0.000456 0.000000
49.000000 99.000000 0.000000 0.036810 1.000000
110.000000 142.000000 0.000000 0.000670 0.000000
108.000000 0.000000 0.000000 0.050043 1.000000
55.000000 150.000000 0.000000 0.005906 0.000000
51.000000 149.000000 0.000000 0.174099 1.000000
72.000000 120.000000 0.000000 0.009740 0.000000
79.000000 118.000000 0.000000 0.053518 1.000000
58.000000 101.000000 0.000000 0.011338 0.000000
56.000000 120.000000 0.000000 0.027121 0.000000
55.000000 119.000000 0.000000 0.069310 1.000000
76.000000 144.000000 0.000000 0.027964 0.000000
80.000000 144.000000 0.000000 0.169589 1.000000
