66.000000 138.000000 0.000000 0.358060 2.000000
67.000000 154.000000 0.000000 0.781754 3.000000
61.000000 113.000000 0.000000 0.508562 2.000000
63.000000 126.000000 0.000000 0.660596 3.000000
63.000000 107.000000 0.000000 0.553735 2.000000
62.000000 108.000000 0.000000 0.589306 3.000000
63.000000 105.000000 0.000000 0.581736 3.000000
64.000000 96.000000 0.000000 0.542418 2.000000
63.000000 93.000000 0.000000 0.580705 3.000000
64.000000 98.000000 0.000000 0.568934 3.000000
64.000000 54.000000 0.000000 0.205088 2.000000
67.000000 51.000000 0.000000 0.338201 3.000000
61.000000 53.000000 0.000000 0.178317 2.000000
58.000000 51.000000 0.000000 0.335768 3.000000
63.000000 37.000000 0.000000 0.000000 0.000000
41.000000 0.000000 0.000000 0.050020 1.000000
120.000000 148.000000 0.000000 0.000180 0.000000
116.000000 0.000000 0.000000 0.050048 1.000000
27.000000 153.000000 0.000000 0.000393 0.000000
45.000000 109.000000 0.000000 0.031259 1.000000
55.000000 108.000000 0.000000 0.002672 0.000000
56.000000 157.000000 0.000000 0.006145 0.000000
52.000000 155.000000 0.000000 0.163205 1.000000
78.000000 152.000000 0.000000 0.012352 0.000000
81.000000 151.000000 0.000000 0.189507 1.000000
70.000000 126.000000 0.000000 0.012384 0.000000
72.000000 126.000000 0.000000 0.056414 1.000000
74.000000 127.000000 0.000000 0.012732 0.000000
81.000000 125.000000 0.000000 0.053767 1.000000
63.000000 103.000000 0.000000 0.528636 2.000000
