66.000000 150.000000 0.000000 0.470303 2.000000
68.000000 164.000000 0.000000 0.765562 3.000000
64.000000 138.000000 0.000000 0.702287 3.000000
63.000000 99.000000 0.000000 0.555221 2.000000
64.000000 103.000000 0.000000 0.598612 3.000000
63.000000 113.000000 0.000000 0.498669 2.000000
60.000000 117.000000 0.000000 0.582720 3.000000
63.000000 94.000000 0.000000 0.579296 3.000000
64.000000 54.000000 0.000000 0.204057 2.000000
67.000000 51.000000 0.000000 0.340831 3.000000
61.000000 53.000000 0.000000 0.181522 2.000000
58.000000 51.000000 0.000000 0.337698 3.000000
63.000000 37.000000 0.000000 0.000000 0.000000
44.000000 0.000000 0.000000 0.050000 1.000000
24.000000 162.000000 0.000000 0.000204 0.000000
50.000000 138.000000 0.000000 0.041557 1.000000
126.000000 174.000000 0.000000 0.000569 0.000000
79.000000 93.000000 0.000000 0.040788 1.000000
72.000000 140.000000 0.000000 0.000759 0.000000
79.000000 137.000000 0.000000 0.076348 1.000000
57.000000 139.000000 0.000000 0.006038 0.000000
80.000000 161.000000 0.000000 0.006917 0.000000
85.000000 161.000000 0.000000 0.211009 1.000000
70.000000 104.000000 0.000000 0.008396 0.000000
57.000000 167.000000 0.000000 0.013120 0.000000
53.000000 163.000000 0.000000 0.160852 1.000000
56.000000 117.000000 0.000000 0.047865 0.000000
55.000000 117.000000 0.000000 0.095017 1.000000
66.000000 125.000000 0.000000 0.056315 0.000000
71.000000 125.000000 0.000000 0.095371 1.000000
63.000000 127.000000 0.000000 0.369690 2.000000
127.000000 8.000000 0.000000 0.050074 1.000000
