60.000000 142.000000 0.000000 0.400307 2.000000
57.000000 157.000000 0.000000 0.759956 3.000000
65.000000 119.000000 0.000000 0.430537 2.000000
61.000000 132.000000 0.000000 0.684801 3.000000
62.000000 98.000000 0.000000 0.547031 2.000000
62.000000 109.000000 0.000000 0.611909 3.000000
62.000000 93.000000 0.000000 0.574561 3.000000
61.000000 53.000000 0.000000 0.181497 2.000000
58.000000 51.000000 0.000000 0.340499 3.000000
64.000000 54.000000 0.000000 0.204037 2.000000
67.000000 51.000000 0.000000 0.338012 3.000000
63.000000 37.000000 0.000000 0.000000 0.000000
84.000000 0.000000 0.000000 0.049981 1.000000
98.000000 155.000000 0.000000 0.000493 0.000000
0.000000 141.000000 0.000000 0.000594 0.000000
52.000000 0.000000 0.000000 0.050057 1.000000
46.000000 154.000000 0.000000 0.019148 0.000000
42.000000 152.000000 0.000000 0.201470 1.000000
68.000000 160.000000 0.000000 0.026406 0.000000
73.000000 157.000000 0.000000 0.157897 1.000000
68.000000 129.000000 0.000000 0.027673 0.000000
69.000000 131.000000 0.000000 0.070910 1.000000
56.000000 133.000000 0.000000 0.042403 0.000000
50.000000 130.000000 0.000000 0.089055 1.000000
68.000000 111.000000 0.000000 0.045429 0.000000
69.000000 112.000000 0.000000 0.080561 1.000000
58.000000 121.000000 0.000000 0.047469 0.000000
53.000000 120.000000 0.000000 0.080230 1.000000
