65.000000 130.000000 0.000000 0.331629 2.000000
67.000000 147.000000 0.000000 0.769309 3.000000
62.000000 110.000000 0.000000 0.557740 2.000000
63.000000 118.000000 0.000000 0.690555 3.000000
63.000000 99.000000 0.000000 0.594766 3.000000
64.000000 54.000000 0.000000 0.203952 2.000000
67.000000 51.000000 0.000000 0.339232 3.000000
61.000000 53.000000 0.000000 0.180137 2.000000
58.000000 51.000000 0.000000 0.337495 3.000000
63.000000 37.000000 0.000000 0.000000 0.000000
40.000000 0.000000 0.000000 0.050031 1.000000
28.000000 146.000000 0.000000 0.000252 0.000000
41.000000 122.000000 0.000000 0.026848 1.000000
111.000000 142.000000 0.000000 0.000355 0.000000
103.000000 0.000000 0.000000 0.050041 1.000000
50.000000 122.000000 0.000000 0.001980 0.000000
69.000000 120.000000 0.000000 0.004808 0.000000
77.000000 119.000000 0.000000 0.063675 1.000000
55.000000 149.000000 0.000000 0.026920 0.000000
51.000000 147.000000 0.000000 0.161854 1.000000
77.000000 145.000000 0.000000 0.027662 0.000000
80.000000 146.000000 0.000000 0.178930 1.000000
57.000000 121.000000 0.000000 0.030831 0.000000
55.000000 120.000000 0.000000 0.082307 1.000000
