61.000000 126.000000 0.000000 0.301506 2.000000
58.000000 144.000000 0.000000 0.773354 3.000000
61.000000 116.000000 0.000000 0.663896 3.000000
61.000000 53.000000 0.000000 0.178490 2.000000
58.000000 51.000000 0.000000 0.337768 3.000000
64.000000 54.000000 0.000000 0.204489 2.000000
67.000000 51.000000 0.000000 0.336025 3.000000
63.000000 37.000000 0.000000 0.000000 0.000000
79.000000 0.000000 0.000000 0.050028 1.000000
17.000000 139.000000 0.000000 0.000203 0.000000
39.000000 0.000000 0.000000 0.050031 1.000000
96.000000 143.000000 0.000000 0.000292 0.000000
85.000000 119.000000 0.000000 0.028249 1.000000
75.000000 119.000000 0.000000 0.003152 0.000000
49.000000 141.000000 0.000000 0.010910 0.000000
45.000000 141.000000 0.000000 0.169531 1.000000
54.000000 116.000000 0.000000 0.013965 0.000000
48.000000 114.000000 0.000000 0.058999 1.000000
70.000000 146.000000 0.000000 0.013996 0.000000
74.000000 144.000000 0.000000 0.166424 1.000000
68.000000 118.000000 0.000000 0.030577 0.000000
70.000000 117.000000 0.000000 0.072458 1.000000
