67.000000 150.000000 0.000000 0.528897 2.000000
67.000000 164.000000 0.000000 0.749536 3.000000
66.000000 139.000000 0.000000 0.715039 3.000000
63.000000 103.000000 0.000000 0.559610 2.000000
64.000000 105.000000 0.000000 0.601682 3.000000
63.000000 99.000000 0.000000 0.593158 3.000000
64.000000 112.000000 0.000000 0.535532 2.000000
61.000000 118.000000 0.000000 0.576529 3.000000
64.000000 54.000000 0.000000 0.204096 2.000000
67.000000 51.000000 0.000000 0.341073 3.000000
61.000000 53.000000 0.000000 0.181344 2.000000
58.000000 51.000000 0.000000 0.337634 3.000000
63.000000 37.000000 0.000000 0.000000 0.000000
33.000000 0.000000 0.000000 0.050015 1.000000
23.000000 160.000000 0.000000 0.000424 0.000000
126.000000 140.000000 0.000000 0.000516 0.000000
80.000000 100.000000 0.000000 0.041982 1.000000
73.000000 139.000000 0.000000 0.006324 0.000000
80.000000 136.000000 0.000000 0.073309 1.000000
56.000000 165.000000 0.000000 0.006637 0.000000
53.000000 161.000000 0.000000 0.150461 1.000000
69.000000 106.000000 0.000000 0.007240 0.000000
80.000000 160.000000 0.000000 0.030072 0.000000
84.000000 160.000000 0.000000 0.206536 1.000000
56.000000 116.000000 0.000000 0.041187 0.000000
53.000000 117.000000 0.000000 0.131042 1.000000
59.000000 143.000000 0.000000 0.043089 0.000000
54.000000 142.000000 0.000000 0.072970 1.000000
62.000000 126.000000 0.000000 0.298568 2.000000
127.000000 13.000000 0.000000 0.050052 1.000000
