64.000000 120.000000 0.000000 0.329303 2.000000
65.000000 136.000000 0.000000 0.775914 3.000000
63.000000 108.000000 0.000000 0.617724 3.000000
64.000000 54.000000 0.000000 0.205254 2.000000
67.000000 51.000000 0.000000 0.337279 3.000000
61.000000 53.000000 0.000000 0.178128 2.000000
58.000000 51.000000 0.000000 0.336158 3.000000
63.000000 37.000000 0.000000 0.000000 0.000000
31.000000 0.000000 0.000000 0.050044 1.000000
103.000000 133.000000 0.000000 0.000450 0.000000
92.000000 0.000000 0.000000 0.050058 1.000000
29.000000 136.000000 0.000000 0.001048 0.000000
47.000000 115.000000 0.000000 0.041113 1.000000
54.000000 116.000000 0.000000 0.007673 0.000000
70.000000 110.000000 0.000000 0.016835 0.000000
76.000000 108.000000 0.000000 0.060042 1.000000
75.000000 135.000000 0.000000 0.018715 0.000000
78.000000 136.000000 0.000000 0.166076 1.000000
55.000000 139.000000 0.000000 0.035148 0.000000
51.000000 137.000000 0.000000 0.159623 1.000000
