61.000000 126.000000 0.000000 0.309405 2.000000
58.000000 144.000000 0.000000 0.770851 3.000000
63.000000 99.000000 0.000000 0.550068 2.000000
61.000000 116.000000 0.000000 0.664208 3.000000
62.000000 96.000000 0.000000 0.584893 3.000000
61.000000 53.000000 0.000000 0.178513 2.000000
58.000000 51.000000 0.000000 0.337774 3.000000
64.000000 54.000000 0.000000 0.204554 2.000000
67.000000 51.000000 0.000000 0.336134 3.000000
63.000000 37.000000 0.000000 0.000000 0.000000
76.000000 0.000000 0.000000 0.050018 1.000000
96.000000 143.000000 0.000000 0.000294 0.000000
84.000000 119.000000 0.000000 0.028007 1.000000
17.000000 139.000000 0.000000 0.000372 0.000000
40.000000 0.000000 0.000000 0.050076 1.000000
75.000000 119.000000 0.000000 0.002926 0.000000
49.000000 141.000000 0.000000 0.012635 0.000000
46.000000 140.000000 0.000000 0.172083 1.000000
55.000000 117.000000 0.000000 0.018594 0.000000
50.000000 114.000000 0.000000 0.064026 1.000000
70.000000 146.000000 0.000000 0.019244 0.000000
74.000000 144.000000 0.000000 0.164750 1.000000
68.000000 118.000000 0.000000 0.036075 0.000000
70.000000 118.000000 0.000000 0.075507 1.000000
