66.000000 130.000000 0.000000 0.321579 2.000000
67.000000 148.000000 0.000000 0.782464 3.000000
62.000000 106.000000 0.000000 0.546605 2.000000
64.000000 120.000000 0.000000 0.645029 3.000000
63.000000 98.000000 0.000000 0.587973 3.000000
64.000000 54.000000 0.000000 0.204855 2.000000
67.000000 51.000000 0.000000 0.337921 3.000000
61.000000 53.000000 0.000000 0.178303 2.000000
58.000000 51.000000 0.000000 0.335802 3.000000
63.000000 37.000000 0.000000 0.000000 0.000000
44.000000 0.000000 0.000000 0.050011 1.000000
112.000000 143.000000 0.000000 0.000308 0.000000
106.000000 0.000000 0.000000 0.050043 1.000000
29.000000 146.000000 0.000000 0.000438 0.000000
73.000000 120.000000 0.000000 0.012639 0.000000
81.000000 118.000000 0.000000 0.051793 1.000000
77.000000 146.000000 0.000000 0.015431 0.000000
81.000000 145.000000 0.000000 0.178825 1.000000
70.000000 119.000000 0.000000 0.016780 0.000000
71.000000 119.000000 0.000000 0.062044 1.000000
56.000000 150.000000 0.000000 0.018035 0.000000
52.000000 148.000000 0.000000 0.161359 1.000000
57.000000 121.000000 0.000000 0.027302 0.000000
56.000000 120.000000 0.000000 0.053289 1.000000
