65.000000 131.000000 0.000000 0.357126 2.000000
66.000000 148.000000 0.000000 0.770774 3.000000
62.000000 114.000000 0.000000 0.630180 3.000000
64.000000 54.000000 0.000000 0.205302 2.000000
67.000000 51.000000 0.000000 0.337541 3.000000
61.000000 53.000000 0.000000 0.178139 2.000000
58.000000 51.000000 0.000000 0.336296 3.000000
63.000000 37.000000 0.000000 0.000000 0.000000
35.000000 0.000000 0.000000 0.049997 1.000000
109.000000 142.000000 0.000000 0.000185 0.000000
82.000000 118.000000 0.000000 0.046102 1.000000
26.000000 146.000000 0.000000 0.000721 0.000000
47.000000 121.000000 0.000000 0.035735 1.000000
74.000000 120.000000 0.000000 0.003129 0.000000
55.000000 124.000000 0.000000 0.008776 0.000000
57.000000 114.000000 0.000000 0.010445 0.000000
51.000000 115.000000 0.000000 0.037117 1.000000
76.000000 145.000000 0.000000 0.011015 0.000000
79.000000 145.000000 0.000000 0.176366 1.000000
55.000000 150.000000 0.000000 0.031419 0.000000
51.000000 148.000000 0.000000 0.160839 1.000000
93.000000 0.000000 0.000000 0.050043 1.000000
