66.000000 148.000000 0.000000 0.474036 2.000000
66.000000 164.000000 0.000000 0.761026 3.000000
64.000000 136.000000 0.000000 0.720427 3.000000
64.000000 100.000000 0.000000 0.550751 2.000000
64.000000 107.000000 0.000000 0.601335 3.000000
63.000000 113.000000 0.000000 0.549611 2.000000
61.000000 117.000000 0.000000 0.592303 3.000000
63.000000 96.000000 0.000000 0.587795 3.000000
64.000000 54.000000 0.000000 0.203914 2.000000
67.000000 51.000000 0.000000 0.340394 3.000000
61.000000 53.000000 0.000000 0.181600 2.000000
58.000000 51.000000 0.000000 0.337738 3.000000
63.000000 37.000000 0.000000 0.000000 0.000000
46.000000 0.000000 0.000000 0.049999 1.000000
126.000000 142.000000 0.000000 0.000463 0.000000
95.000000 0.000000 0.000000 0.050048 1.000000
22.000000 160.000000 0.000000 0.000581 0.000000
48.000000 138.000000 0.000000 0.038941 1.000000
73.000000 137.000000 0.000000 0.005902 0.000000
81.000000 134.000000 0.000000 0.055548 1.000000
57.000000 138.000000 0.000000 0.007264 0.000000
79.000000 161.000000 0.000000 0.019458 0.000000
84.000000 160.000000 0.000000 0.202949 1.000000
55.000000 165.000000 0.000000 0.031415 0.000000
52.000000 160.000000 0.000000 0.152712 1.000000
57.000000 115.000000 0.000000 0.033142 0.000000
55.000000 116.000000 0.000000 0.110716 1.000000
60.000000 122.000000 0.000000 0.366849 2.000000
