63.000000 123.000000 0.000000 0.311821 2.000000
66.000000 140.000000 0.000000 0.769897 3.000000
63.000000 111.000000 0.000000 0.569191 2.000000
64.000000 112.000000 0.000000 0.606723 3.000000
63.000000 109.000000 0.000000 0.599187 3.000000
62.000000 108.000000 0.000000 0.546007 2.000000
62.000000 103.000000 0.000000 0.586591 3.000000
64.000000 54.000000 0.000000 0.205210 2.000000
67.000000 51.000000 0.000000 0.337304 3.000000
61.000000 53.000000 0.000000 0.178001 2.000000
58.000000 51.000000 0.000000 0.336136 3.000000
63.000000 37.000000 0.000000 0.000000 0.000000
41.000000 0.000000 0.000000 0.050026 1.000000
29.000000 139.000000 0.000000 0.000389 0.000000
43.000000 117.000000 0.000000 0.032762 1.000000
105.000000 136.000000 0.000000 0.000611 0.000000
79.000000 0.000000 0.000000 0.050062 1.000000
51.000000 118.000000 0.000000 0.003395 0.000000
69.000000 112.000000 0.000000 0.012431 0.000000
75.000000 109.000000 0.000000 0.062711 1.000000
75.000000 137.000000 0.000000 0.022001 0.000000
79.000000 137.000000 0.000000 0.169141 1.000000
55.000000 142.000000 0.000000 0.024050 0.000000
51.000000 141.000000 0.000000 0.163687 1.000000
