58.000000 138.000000 0.000000 0.377346 2.000000
58.000000 154.000000 0.000000 0.761723 3.000000
65.000000 119.000000 0.000000 0.421334 2.000000
60.000000 126.000000 0.000000 0.650139 3.000000
62.000000 98.000000 0.000000 0.548402 2.000000
62.000000 109.000000 0.000000 0.597309 3.000000
62.000000 92.000000 0.000000 0.574054 3.000000
61.000000 53.000000 0.000000 0.181433 2.000000
58.000000 51.000000 0.000000 0.340530 3.000000
64.000000 54.000000 0.000000 0.203928 2.000000
67.000000 51.000000 0.000000 0.338168 3.000000
63.000000 37.000000 0.000000 0.000000 0.000000
83.000000 0.000000 0.000000 0.050018 1.000000
5.000000 147.000000 0.000000 0.000196 0.000000
12.000000 0.000000 0.000000 0.050037 1.000000
98.000000 152.000000 0.000000 0.000463 0.000000
86.000000 114.000000 0.000000 0.027201 1.000000
73.000000 112.000000 0.000000 0.001705 0.000000
69.000000 156.000000 0.000000 0.003274 0.000000
73.000000 153.000000 0.000000 0.158820 1.000000
47.000000 151.000000 0.000000 0.005434 0.000000
43.000000 149.000000 0.000000 0.190772 1.000000
70.000000 129.000000 0.000000 0.007484 0.000000
77.000000 126.000000 0.000000 0.032570 1.000000
51.000000 127.000000 0.000000 0.014810 0.000000
44.000000 125.000000 0.000000 0.055938 1.000000
54.000000 126.000000 0.000000 0.036264 0.000000
53.000000 127.000000 0.000000 0.067271 1.000000
68.000000 111.000000 0.000000 0.041267 0.000000
69.000000 112.000000 0.000000 0.083230 1.000000
67.000000 110.000000 0.000000 0.069132 0.000000
68.000000 110.000000 0.000000 0.094721 1.000000
