60.000000 138.000000 0.000000 0.368006 2.000000
57.000000 154.000000 0.000000 0.762679 3.000000
62.000000 120.000000 0.000000 0.494061 2.000000
61.000000 128.000000 0.000000 0.700926 3.000000
63.000000 107.000000 0.000000 0.562904 2.000000
62.000000 106.000000 0.000000 0.606624 3.000000
63.000000 108.000000 0.000000 0.594839 3.000000
62.000000 118.000000 0.000000 0.528055 3.000000
61.000000 53.000000 0.000000 0.181534 2.000000
58.000000 51.000000 0.000000 0.340501 3.000000
64.000000 54.000000 0.000000 0.203918 2.000000
67.000000 51.000000 0.000000 0.338303 3.000000
63.000000 37.000000 0.000000 0.000000 0.000000
75.000000 0.000000 0.000000 0.049994 1.000000
0.000000 147.000000 0.000000 0.000099 0.000000
41.000000 0.000000 0.000000 0.050079 1.000000
98.000000 152.000000 0.000000 0.000506 0.000000
80.000000 110.000000 0.000000 0.031239 1.000000
71.000000 109.000000 0.000000 0.005472 0.000000
47.000000 150.000000 0.000000 0.013170 0.000000
43.000000 149.000000 0.000000 0.193016 1.000000
69.000000 156.000000 0.000000 0.014089 0.000000
73.000000 154.000000 0.000000 0.161158 1.000000
56.000000 127.000000 0.000000 0.020931 0.000000
50.000000 126.000000 0.000000 0.077335 1.000000
68.000000 126.000000 0.000000 0.036767 0.000000
70.000000 126.000000 0.000000 0.090082 1.000000
64.000000 114.000000 0.000000 0.480405 2.000000
