64.000000 124.000000 0.000000 0.317592 2.000000
66.000000 141.000000 0.000000 0.788196 3.000000
63.000000 113.000000 0.000000 0.608989 2.000000
64.000000 114.000000 0.000000 0.639417 3.000000
63.000000 112.000000 0.000000 0.637212 3.000000
62.000000 98.000000 0.000000 0.548942 2.000000
63.000000 94.000000 0.000000 0.574111 3.000000
64.000000 54.000000 0.000000 0.205184 2.000000
67.000000 51.000000 0.000000 0.337551 3.000000
61.000000 53.000000 0.000000 0.177994 2.000000
58.000000 51.000000 0.000000 0.335942 3.000000
63.000000 37.000000 0.000000 0.000000 0.000000
43.000000 0.000000 0.000000 0.050030 1.000000
106.000000 136.000000 0.000000 0.000627 0.000000
111.000000 0.000000 0.000000 0.050062 1.000000
30.000000 139.000000 0.000000 0.000790 0.000000
45.000000 117.000000 0.000000 0.034065 1.000000
53.000000 118.000000 0.000000 0.007017 0.000000
70.000000 114.000000 0.000000 0.008061 0.000000
77.000000 111.000000 0.000000 0.061236 1.000000
55.000000 143.000000 0.000000 0.016986 0.000000
52.000000 141.000000 0.000000 0.157640 1.000000
57.000000 117.000000 0.000000 0.024857 0.000000
55.000000 117.000000 0.000000 0.048977 1.000000
76.000000 139.000000 0.000000 0.027372 0.000000
79.000000 140.000000 0.000000 0.172722 1.000000
