64.000000 126.000000 0.000000 0.292496 2.000000
67.000000 144.000000 0.000000 0.764354 3.000000
63.000000 115.000000 0.000000 0.641354 3.000000
64.000000 54.000000 0.000000 0.205312 2.000000
67.000000 51.000000 0.000000 0.337626 3.000000
61.000000 53.000000 0.000000 0.177942 2.000000
58.000000 51.000000 0.000000 0.336067 3.000000
63.000000 37.000000 0.000000 0.000000 0.000000
35.000000 0.000000 0.000000 0.050022 1.000000
107.000000 140.000000 0.000000 0.000472 0.000000
86.000000 0.000000 0.000000 0.050052 1.000000
28.000000 143.000000 0.000000 0.000734 0.000000
41.000000 118.000000 0.000000 0.029496 1.000000
71.000000 116.000000 0.000000 0.004535 0.000000
78.000000 114.000000 0.000000 0.054228 1.000000
50.000000 118.000000 0.000000 0.005121 0.000000
76.000000 142.000000 0.000000 0.012520 0.000000
79.000000 143.000000 0.000000 0.166431 1.000000
55.000000 147.000000 0.000000 0.017231 0.000000
51.000000 146.000000 0.000000 0.173993 1.000000
