61.000000 115.000000 0.000000 0.422581 2.000000
65.000000 130.000000 0.000000 0.788347 3.000000
62.000000 108.000000 0.000000 0.501121 2.000000
63.000000 101.000000 0.000000 0.605441 3.000000
62.000000 109.000000 0.000000 0.527248 3.000000
64.000000 54.000000 0.000000 0.205113 2.000000
67.000000 51.000000 0.000000 0.337172 3.000000
61.000000 53.000000 0.000000 0.177821 2.000000
58.000000 51.000000 0.000000 0.336129 3.000000
63.000000 37.000000 0.000000 0.000000 0.000000
79.000000 0.000000 0.000000 0.050031 1.000000
32.000000 129.000000 0.000000 0.000781 0.000000
50.000000 108.000000 0.000000 0.047991 1.000000
100.000000 126.000000 0.000000 0.001919 0.000000
56.000000 110.000000 0.000000 0.010696 0.000000
74.000000 127.000000 0.000000 0.010763 0.000000
77.000000 129.000000 0.000000 0.159253 1.000000
55.000000 132.000000 0.000000 0.033676 0.000000
51.000000 129.000000 0.000000 0.151086 1.000000
67.000000 102.000000 0.000000 0.034799 0.000000
71.000000 100.000000 0.000000 0.063547 1.000000
42.000000 0.000000 0.000000 0.050032 1.000000
