66.000000 138.000000 0.000000 0.360178 2.000000
67.000000 154.000000 0.000000 0.774006 3.000000
63.000000 117.000000 0.000000 0.501206 2.000000
63.000000 126.000000 0.000000 0.687272 3.000000
64.000000 102.000000 0.000000 0.542046 2.000000
63.000000 105.000000 0.000000 0.596515 3.000000
63.000000 93.000000 0.000000 0.573902 3.000000
63.000000 115.000000 0.000000 0.529417 3.000000
64.000000 54.000000 0.000000 0.205074 2.000000
67.000000 51.000000 0.000000 0.338226 3.000000
61.000000 53.000000 0.000000 0.178298 2.000000
58.000000 51.000000 0.000000 0.335637 3.000000
63.000000 37.000000 0.000000 0.000000 0.000000
46.000000 0.000000 0.000000 0.050015 1.000000
122.000000 148.000000 0.000000 0.000080 0.000000
119.000000 0.000000 0.000000 0.050042 1.000000
27.000000 153.000000 0.000000 0.000572 0.000000
45.000000 107.000000 0.000000 0.031983 1.000000
55.000000 107.000000 0.000000 0.006482 0.000000
73.000000 127.000000 0.000000 0.008525 0.000000
80.000000 126.000000 0.000000 0.059996 1.000000
78.000000 152.000000 0.000000 0.017522 0.000000
82.000000 150.000000 0.000000 0.192371 1.000000
57.000000 126.000000 0.000000 0.019271 0.000000
56.000000 126.000000 0.000000 0.066780 1.000000
56.000000 156.000000 0.000000 0.023320 0.000000
52.000000 154.000000 0.000000 0.160664 1.000000
67.000000 114.000000 0.000000 0.059320 0.000000
70.000000 113.000000 0.000000 0.085384 1.000000
62.000000 112.000000 0.000000 0.496357 2.000000
