65.000000 131.000000 0.000000 0.343201 2.000000
67.000000 148.000000 0.000000 0.782089 3.000000
63.000000 111.000000 0.000000 0.538002 2.000000
64.000000 121.000000 0.000000 0.678455 3.000000
62.000000 102.000000 0.000000 0.542235 2.000000
63.000000 101.000000 0.000000 0.586785 3.000000
62.000000 104.000000 0.000000 0.572683 3.000000
64.000000 54.000000 0.000000 0.204874 2.000000
67.000000 51.000000 0.000000 0.337845 3.000000
61.000000 53.000000 0.000000 0.178366 2.000000
58.000000 51.000000 0.000000 0.335951 3.000000
63.000000 37.000000 0.000000 0.000000 0.000000
45.000000 0.000000 0.000000 0.050044 1.000000
112.000000 143.000000 0.000000 0.000360 0.000000
96.000000 0.000000 0.000000 0.050077 1.000000
29.000000 146.000000 0.000000 0.000685 0.000000
43.000000 122.000000 0.000000 0.029798 1.000000
52.000000 123.000000 0.000000 0.001395 0.000000
57.000000 103.000000 0.000000 0.001539 0.000000
46.000000 101.000000 0.000000 0.034837 1.000000
72.000000 121.000000 0.000000 0.013145 0.000000
78.000000 119.000000 0.000000 0.061166 1.000000
77.000000 145.000000 0.000000 0.020837 0.000000
81.000000 145.000000 0.000000 0.179608 1.000000
56.000000 150.000000 0.000000 0.023088 0.000000
52.000000 148.000000 0.000000 0.160610 1.000000
57.000000 122.000000 0.000000 0.032567 0.000000
56.000000 122.000000 0.000000 0.064220 1.000000
