66.000000 120.000000 0.000000 0.335378 2.000000
60.000000 136.000000 0.000000 0.773409 3.000000
62.000000 110.000000 0.000000 0.575866 2.000000
62.000000 108.000000 0.000000 0.620781 3.000000
61.000000 110.000000 0.000000 0.604700 3.000000
61.000000 53.000000 0.000000 0.178502 2.000000
58.000000 51.000000 0.000000 0.337311 3.000000
64.000000 54.000000 0.000000 0.204556 2.000000
67.000000 51.000000 0.000000 0.336194 3.000000
63.000000 37.000000 0.000000 0.000000 0.000000
79.000000 0.000000 0.000000 0.050022 1.000000
23.000000 133.000000 0.000000 0.000068 0.000000
34.000000 0.000000 0.000000 0.050041 1.000000
97.000000 136.000000 0.000000 0.000900 0.000000
78.000000 114.000000 0.000000 0.043171 1.000000
57.000000 110.000000 0.000000 0.007749 0.000000
52.000000 108.000000 0.000000 0.064160 1.000000
72.000000 116.000000 0.000000 0.011703 0.000000
71.000000 139.000000 0.000000 0.013664 0.000000
75.000000 135.000000 0.000000 0.163779 1.000000
51.000000 134.000000 0.000000 0.029415 0.000000
47.000000 133.000000 0.000000 0.160572 1.000000
64.000000 121.000000 0.000000 0.302395 0.000000
62.000000 120.000000 0.000000 0.328171 1.000000
