60.000000 147.000000 0.000000 0.457781 2.000000
57.000000 160.000000 0.000000 0.758460 3.000000
60.000000 136.000000 0.000000 0.686966 3.000000
62.000000 108.000000 0.000000 0.517817 2.000000
63.000000 114.000000 0.000000 0.611556 3.000000
62.000000 96.000000 0.000000 0.587320 3.000000
61.000000 53.000000 0.000000 0.181570 2.000000
58.000000 51.000000 0.000000 0.340787 3.000000
64.000000 54.000000 0.000000 0.203834 2.000000
67.000000 51.000000 0.000000 0.337852 3.000000
63.000000 37.000000 0.000000 0.000000 0.000000
81.000000 0.000000 0.000000 0.050019 1.000000
100.000000 158.000000 0.000000 0.000222 0.000000
77.000000 134.000000 0.000000 0.034285 1.000000
0.000000 140.000000 0.000000 0.001024 0.000000
46.000000 90.000000 0.000000 0.041228 1.000000
56.000000 100.000000 0.000000 0.003988 0.000000
70.000000 136.000000 0.000000 0.009120 0.000000
68.000000 163.000000 0.000000 0.013493 0.000000
72.000000 159.000000 0.000000 0.156932 1.000000
45.000000 157.000000 0.000000 0.025329 0.000000
41.000000 155.000000 0.000000 0.208180 1.000000
55.000000 136.000000 0.000000 0.031465 0.000000
49.000000 133.000000 0.000000 0.087901 1.000000
68.000000 115.000000 0.000000 0.035726 0.000000
70.000000 116.000000 0.000000 0.094436 1.000000
66.000000 122.000000 0.000000 0.419556 2.000000
24.000000 0.000000 0.000000 0.050058 1.000000
