60.000000 136.000000 0.000000 0.372442 2.000000
58.000000 152.000000 0.000000 0.739677 3.000000
65.000000 117.000000 0.000000 0.484296 2.000000
61.000000 125.000000 0.000000 0.644854 3.000000
64.000000 112.000000 0.000000 0.561307 2.000000
62.000000 109.000000 0.000000 0.612361 3.000000
64.000000 113.000000 0.000000 0.591052 3.000000
61.000000 53.000000 0.000000 0.180772 2.000000
58.000000 51.000000 0.000000 0.340029 3.000000
64.000000 54.000000 0.000000 0.204152 2.000000
67.000000 51.000000 0.000000 0.338520 3.000000
63.000000 37.000000 0.000000 0.000000 0.000000
83.000000 0.000000 0.000000 0.050009 1.000000
4.000000 146.000000 0.000000 0.000201 0.000000
48.000000 0.000000 0.000000 0.050064 1.000000
99.000000 150.000000 0.000000 0.000573 0.000000
52.000000 126.000000 0.000000 0.009630 0.000000
45.000000 125.000000 0.000000 0.059891 1.000000
70.000000 155.000000 0.000000 0.026878 0.000000
73.000000 151.000000 0.000000 0.157504 1.000000
47.000000 149.000000 0.000000 0.027622 0.000000
43.000000 149.000000 0.000000 0.192539 1.000000
55.000000 125.000000 0.000000 0.029100 0.000000
54.000000 126.000000 0.000000 0.060789 1.000000
68.000000 113.000000 0.000000 0.032731 0.000000
69.000000 113.000000 0.000000 0.058779 1.000000
