66.000000 138.000000 0.000000 0.332107 2.000000
68.000000 156.000000 0.000000 0.754277 3.000000
63.000000 115.000000 0.000000 0.594780 2.000000
63.000000 113.000000 0.000000 0.635876 3.000000
62.000000 115.000000 0.000000 0.621718 3.000000
60.000000 122.000000 0.000000 0.453545 2.000000
63.000000 128.000000 0.000000 0.621434 3.000000
63.000000 107.000000 0.000000 0.557920 2.000000
63.000000 95.000000 0.000000 0.583935 3.000000
64.000000 54.000000 0.000000 0.203745 2.000000
67.000000 51.000000 0.000000 0.340284 3.000000
61.000000 53.000000 0.000000 0.182469 2.000000
58.000000 51.000000 0.000000 0.338235 3.000000
63.000000 37.000000 0.000000 0.000000 0.000000
43.000000 0.000000 0.000000 0.050030 1.000000
126.000000 159.000000 0.000000 0.000220 0.000000
121.000000 0.000000 0.000000 0.050072 1.000000
27.000000 154.000000 0.000000 0.000289 0.000000
74.000000 127.000000 0.000000 0.008513 0.000000
81.000000 126.000000 0.000000 0.057989 1.000000
56.000000 129.000000 0.000000 0.015741 0.000000
55.000000 129.000000 0.000000 0.058366 1.000000
56.000000 159.000000 0.000000 0.016486 0.000000
52.000000 155.000000 0.000000 0.157059 1.000000
57.000000 116.000000 0.000000 0.021989 0.000000
57.000000 117.000000 0.000000 0.077278 1.000000
79.000000 153.000000 0.000000 0.028337 0.000000
83.000000 153.000000 0.000000 0.200951 1.000000
