66.000000 139.000000 0.000000 0.415996 2.000000
66.000000 154.000000 0.000000 0.769821 3.000000
62.000000 112.000000 0.000000 0.499876 2.000000
63.000000 128.000000 0.000000 0.643436 3.000000
63.000000 104.000000 0.000000 0.599477 3.000000
64.000000 54.000000 0.000000 0.203507 2.000000
67.000000 51.000000 0.000000 0.339930 3.000000
61.000000 53.000000 0.000000 0.180836 2.000000
58.000000 51.000000 0.000000 0.337806 3.000000
63.000000 37.000000 0.000000 0.000000 0.000000
38.000000 0.000000 0.000000 0.050016 1.000000
120.000000 148.000000 0.000000 0.000237 0.000000
104.000000 0.000000 0.000000 0.050059 1.000000
25.000000 151.000000 0.000000 0.000711 0.000000
43.000000 105.000000 0.000000 0.033025 1.000000
55.000000 130.000000 0.000000 0.003838 0.000000
46.000000 129.000000 0.000000 0.033520 1.000000
55.000000 107.000000 0.000000 0.004642 0.000000
73.000000 127.000000 0.000000 0.016075 0.000000
79.000000 126.000000 0.000000 0.062035 1.000000
55.000000 156.000000 0.000000 0.018560 0.000000
51.000000 153.000000 0.000000 0.155470 1.000000
77.000000 151.000000 0.000000 0.021467 0.000000
82.000000 152.000000 0.000000 0.189841 1.000000
67.000000 114.000000 0.000000 0.031159 0.000000
72.000000 113.000000 0.000000 0.072829 1.000000
