67.000000 145.000000 0.000000 0.355195 2.000000
68.000000 162.000000 0.000000 0.750202 3.000000
65.000000 111.000000 0.000000 0.544095 2.000000
62.000000 122.000000 0.000000 0.652990 3.000000
62.000000 126.000000 0.000000 0.369483 2.000000
63.000000 136.000000 0.000000 0.630546 3.000000
64.000000 105.000000 0.000000 0.602565 3.000000
64.000000 54.000000 0.000000 0.203890 2.000000
67.000000 51.000000 0.000000 0.340814 3.000000
61.000000 53.000000 0.000000 0.182252 2.000000
58.000000 51.000000 0.000000 0.337889 3.000000
63.000000 37.000000 0.000000 0.000000 0.000000
38.000000 0.000000 0.000000 0.050019 1.000000
26.000000 159.000000 0.000000 0.000388 0.000000
52.000000 136.000000 0.000000 0.028078 1.000000
126.000000 138.000000 0.000000 0.000507 0.000000
76.000000 98.000000 0.000000 0.043781 1.000000
54.000000 136.000000 0.000000 0.002104 0.000000
74.000000 134.000000 0.000000 0.009022 0.000000
82.000000 132.000000 0.000000 0.060518 1.000000
57.000000 165.000000 0.000000 0.009528 0.000000
53.000000 161.000000 0.000000 0.154989 1.000000
69.000000 106.000000 0.000000 0.011037 0.000000
80.000000 159.000000 0.000000 0.017818 0.000000
85.000000 163.000000 0.000000 0.210156 1.000000
56.000000 121.000000 0.000000 0.052356 0.000000
54.000000 122.000000 0.000000 0.101867 1.000000
61.000000 127.000000 0.000000 0.331202 0.000000
58.000000 127.000000 0.000000 0.355132 1.000000
110.000000 0.000000 0.000000 0.050067 1.000000
