59.000000 120.000000 0.000000 0.345429 2.000000
66.000000 137.000000 0.000000 0.778078 3.000000
63.000000 106.000000 0.000000 0.602508 3.000000
64.000000 54.000000 0.000000 0.205295 2.000000
67.000000 51.000000 0.000000 0.337172 3.000000
61.000000 53.000000 0.000000 0.178081 2.000000
58.000000 51.000000 0.000000 0.336122 3.000000
63.000000 37.000000 0.000000 0.000000 0.000000
88.000000 0.000000 0.000000 0.050037 1.000000
103.000000 133.000000 0.000000 0.000371 0.000000
30.000000 136.000000 0.000000 0.000867 0.000000
46.000000 115.000000 0.000000 0.038468 1.000000
53.000000 115.000000 0.000000 0.010641 0.000000
75.000000 135.000000 0.000000 0.017697 0.000000
78.000000 136.000000 0.000000 0.165243 1.000000
68.000000 109.000000 0.000000 0.020779 0.000000
74.000000 106.000000 0.000000 0.063923 1.000000
57.000000 114.000000 0.000000 0.023891 0.000000
56.000000 114.000000 0.000000 0.079465 1.000000
55.000000 139.000000 0.000000 0.030715 0.000000
51.000000 137.000000 0.000000 0.161955 1.000000
38.000000 0.000000 0.000000 0.050043 1.000000
