61.000000 123.000000 0.000000 0.325723 2.000000
59.000000 139.000000 0.000000 0.751940 3.000000
62.000000 108.000000 0.000000 0.553896 2.000000
61.000000 112.000000 0.000000 0.623879 3.000000
63.000000 102.000000 0.000000 0.588843 3.000000
61.000000 53.000000 0.000000 0.180868 2.000000
58.000000 51.000000 0.000000 0.339254 3.000000
64.000000 54.000000 0.000000 0.203130 2.000000
67.000000 51.000000 0.000000 0.338130 3.000000
63.000000 37.000000 0.000000 0.000000 0.000000
86.000000 0.000000 0.000000 0.050023 1.000000
20.000000 135.000000 0.000000 0.000420 0.000000
55.000000 0.000000 0.000000 0.050071 1.000000
97.000000 139.000000 0.000000 0.000791 0.000000
82.000000 116.000000 0.000000 0.033435 1.000000
74.000000 117.000000 0.000000 0.005237 0.000000
55.000000 113.000000 0.000000 0.012963 0.000000
49.000000 111.000000 0.000000 0.060794 1.000000
50.000000 137.000000 0.000000 0.019500 0.000000
46.000000 136.000000 0.000000 0.164429 1.000000
68.000000 116.000000 0.000000 0.023896 0.000000
70.000000 116.000000 0.000000 0.058679 1.000000
71.000000 142.000000 0.000000 0.029229 0.000000
74.000000 140.000000 0.000000 0.162353 1.000000
