59.000000 138.000000 0.000000 0.392916 2.000000
58.000000 154.000000 0.000000 0.758333 3.000000
64.000000 114.000000 0.000000 0.472383 2.000000
62.000000 126.000000 0.000000 0.690968 3.000000
61.000000 103.000000 0.000000 0.536150 2.000000
63.000000 107.000000 0.000000 0.588673 3.000000
62.000000 93.000000 0.000000 0.579037 3.000000
61.000000 53.000000 0.000000 0.181468 2.000000
58.000000 51.000000 0.000000 0.340388 3.000000
64.000000 54.000000 0.000000 0.203943 2.000000
67.000000 51.000000 0.000000 0.338296 3.000000
63.000000 37.000000 0.000000 0.000000 0.000000
81.000000 0.000000 0.000000 0.049994 1.000000
7.000000 147.000000 0.000000 0.000347 0.000000
35.000000 0.000000 0.000000 0.050045 1.000000
100.000000 152.000000 0.000000 0.000555 0.000000
83.000000 108.000000 0.000000 0.032052 1.000000
71.000000 108.000000 0.000000 0.005497 0.000000
71.000000 127.000000 0.000000 0.005922 0.000000
81.000000 127.000000 0.000000 0.032401 1.000000
67.000000 107.000000 0.000000 0.006782 0.000000
68.000000 108.000000 0.000000 0.055887 1.000000
53.000000 127.000000 0.000000 0.011241 0.000000
46.000000 126.000000 0.000000 0.062038 1.000000
70.000000 156.000000 0.000000 0.019986 0.000000
74.000000 153.000000 0.000000 0.162312 1.000000
68.000000 127.000000 0.000000 0.022049 0.000000
69.000000 127.000000 0.000000 0.056966 1.000000
48.000000 150.000000 0.000000 0.028956 0.000000
44.000000 153.000000 0.000000 0.189686 1.000000
59.000000 115.000000 0.000000 0.051508 0.000000
55.000000 114.000000 0.000000 0.088124 1.000000
