66.000000 144.000000 0.000000 0.482452 2.000000
67.000000 161.000000 0.000000 0.764448 3.000000
63.000000 137.000000 0.000000 0.640030 3.000000
63.000000 111.000000 0.000000 0.563319 2.000000
61.000000 113.000000 0.000000 0.608699 3.000000
63.000000 110.000000 0.000000 0.588925 3.000000
64.000000 108.000000 0.000000 0.545014 2.000000
64.000000 102.000000 0.000000 0.588789 3.000000
64.000000 54.000000 0.000000 0.204161 2.000000
67.000000 51.000000 0.000000 0.340735 3.000000
61.000000 53.000000 0.000000 0.181545 2.000000
58.000000 51.000000 0.000000 0.337790 3.000000
63.000000 37.000000 0.000000 0.000000 0.000000
48.000000 0.000000 0.000000 0.050029 1.000000
126.000000 142.000000 0.000000 0.000365 0.000000
82.000000 0.000000 0.000000 0.050085 1.000000
23.000000 158.000000 0.000000 0.000502 0.000000
38.000000 114.000000 0.000000 0.027845 1.000000
51.000000 113.000000 0.000000 0.000870 0.000000
71.000000 136.000000 0.000000 0.012366 0.000000
78.000000 134.000000 0.000000 0.077938 1.000000
70.000000 120.000000 0.000000 0.012662 0.000000
77.000000 119.000000 0.000000 0.060519 1.000000
56.000000 163.000000 0.000000 0.017233 0.000000
52.000000 158.000000 0.000000 0.152115 1.000000
57.000000 112.000000 0.000000 0.023267 0.000000
56.000000 113.000000 0.000000 0.085892 1.000000
79.000000 158.000000 0.000000 0.027016 0.000000
83.000000 160.000000 0.000000 0.202647 1.000000
66.000000 124.000000 0.000000 0.378262 2.000000
