65.000000 131.000000 0.000000 0.374133 2.000000
66.000000 147.000000 0.000000 0.764487 3.000000
62.000000 118.000000 0.000000 0.575107 2.000000
64.000000 121.000000 0.000000 0.613368 3.000000
62.000000 114.000000 0.000000 0.599867 3.000000
62.000000 100.000000 0.000000 0.547418 2.000000
63.000000 97.000000 0.000000 0.584861 3.000000
62.000000 103.000000 0.000000 0.575703 3.000000
64.000000 54.000000 0.000000 0.203783 2.000000
67.000000 51.000000 0.000000 0.339508 3.000000
61.000000 53.000000 0.000000 0.180728 2.000000
58.000000 51.000000 0.000000 0.338262 3.000000
63.000000 37.000000 0.000000 0.000000 0.000000
34.000000 0.000000 0.000000 0.050027 1.000000
110.000000 142.000000 0.000000 0.000433 0.000000
94.000000 0.000000 0.000000 0.050054 1.000000
26.000000 145.000000 0.000000 0.000710 0.000000
46.000000 123.000000 0.000000 0.036349 1.000000
54.000000 124.000000 0.000000 0.005636 0.000000
73.000000 121.000000 0.000000 0.012552 0.000000
81.000000 119.000000 0.000000 0.051208 1.000000
76.000000 144.000000 0.000000 0.016598 0.000000
80.000000 144.000000 0.000000 0.177315 1.000000
54.000000 149.000000 0.000000 0.031751 0.000000
51.000000 147.000000 0.000000 0.157503 1.000000
70.000000 119.000000 0.000000 0.033391 0.000000
70.000000 120.000000 0.000000 0.059862 1.000000
62.000000 108.000000 0.000000 0.547112 2.000000
