60.000000 130.000000 0.000000 0.344472 2.000000
58.000000 147.000000 0.000000 0.766431 3.000000
64.000000 112.000000 0.000000 0.538794 2.000000
60.000000 120.000000 0.000000 0.640972 3.000000
62.000000 102.000000 0.000000 0.592225 3.000000
61.000000 53.000000 0.000000 0.180326 2.000000
58.000000 51.000000 0.000000 0.339304 3.000000
64.000000 54.000000 0.000000 0.203121 2.000000
67.000000 51.000000 0.000000 0.337215 3.000000
63.000000 37.000000 0.000000 0.000000 0.000000
82.000000 0.000000 0.000000 0.050031 1.000000
97.000000 146.000000 0.000000 0.000213 0.000000
81.000000 121.000000 0.000000 0.030327 1.000000
14.000000 142.000000 0.000000 0.000265 0.000000
37.000000 0.000000 0.000000 0.050054 1.000000
73.000000 122.000000 0.000000 0.004665 0.000000
69.000000 106.000000 0.000000 0.007754 0.000000
78.000000 105.000000 0.000000 0.034338 1.000000
53.000000 121.000000 0.000000 0.014495 0.000000
45.000000 119.000000 0.000000 0.056606 1.000000
48.000000 145.000000 0.000000 0.024346 0.000000
45.000000 146.000000 0.000000 0.178167 1.000000
70.000000 149.000000 0.000000 0.025783 0.000000
74.000000 147.000000 0.000000 0.161111 1.000000
68.000000 122.000000 0.000000 0.030046 0.000000
69.000000 121.000000 0.000000 0.061293 1.000000
