65.000000 127.000000 0.000000 0.348193 2.000000
66.000000 144.000000 0.000000 0.770767 3.000000
62.000000 114.000000 0.000000 0.565685 2.000000
64.000000 116.000000 0.000000 0.620705 3.000000
62.000000 110.000000 0.000000 0.607714 3.000000
63.000000 99.000000 0.000000 0.543919 2.000000
63.000000 95.000000 0.000000 0.580144 3.000000
64.000000 54.000000 0.000000 0.205221 2.000000
67.000000 51.000000 0.000000 0.337706 3.000000
61.000000 53.000000 0.000000 0.177921 2.000000
58.000000 51.000000 0.000000 0.335922 3.000000
63.000000 37.000000 0.000000 0.000000 0.000000
45.000000 0.000000 0.000000 0.050019 1.000000
107.000000 139.000000 0.000000 0.000565 0.000000
114.000000 0.000000 0.000000 0.050047 1.000000
28.000000 142.000000 0.000000 0.000750 0.000000
45.000000 119.000000 0.000000 0.033772 1.000000
73.000000 117.000000 0.000000 0.004263 0.000000
80.000000 115.000000 0.000000 0.050632 1.000000
53.000000 120.000000 0.000000 0.008880 0.000000
55.000000 146.000000 0.000000 0.012775 0.000000
51.000000 144.000000 0.000000 0.159365 1.000000
76.000000 142.000000 0.000000 0.022766 0.000000
79.000000 143.000000 0.000000 0.172842 1.000000
