66.000000 142.000000 0.000000 0.446653 2.000000
66.000000 157.000000 0.000000 0.764266 3.000000
61.000000 119.000000 0.000000 0.482970 2.000000
64.000000 131.000000 0.000000 0.698347 3.000000
63.000000 110.000000 0.000000 0.605083 3.000000
64.000000 54.000000 0.000000 0.203946 2.000000
67.000000 51.000000 0.000000 0.340486 3.000000
61.000000 53.000000 0.000000 0.181726 2.000000
58.000000 51.000000 0.000000 0.337926 3.000000
63.000000 37.000000 0.000000 0.000000 0.000000
43.000000 0.000000 0.000000 0.050026 1.000000
126.000000 143.000000 0.000000 0.000113 0.000000
81.000000 0.000000 0.000000 0.050042 1.000000
25.000000 154.000000 0.000000 0.000428 0.000000
42.000000 112.000000 0.000000 0.030906 1.000000
57.000000 134.000000 0.000000 0.001566 0.000000
49.000000 132.000000 0.000000 0.038493 1.000000
54.000000 113.000000 0.000000 0.006539 0.000000
75.000000 132.000000 0.000000 0.010401 0.000000
83.000000 130.000000 0.000000 0.053405 1.000000
78.000000 154.000000 0.000000 0.014556 0.000000
83.000000 155.000000 0.000000 0.195802 1.000000
56.000000 159.000000 0.000000 0.029815 0.000000
52.000000 155.000000 0.000000 0.151115 1.000000
