66.000000 143.000000 0.000000 0.438872 2.000000
67.000000 160.000000 0.000000 0.758398 3.000000
64.000000 132.000000 0.000000 0.715145 3.000000
63.000000 109.000000 0.000000 0.547279 2.000000
62.000000 112.000000 0.000000 0.598545 3.000000
64.000000 100.000000 0.000000 0.557545 2.000000
64.000000 103.000000 0.000000 0.589827 3.000000
63.000000 97.000000 0.000000 0.581790 3.000000
64.000000 54.000000 0.000000 0.204021 2.000000
67.000000 51.000000 0.000000 0.340711 3.000000
61.000000 53.000000 0.000000 0.181463 2.000000
58.000000 51.000000 0.000000 0.337580 3.000000
63.000000 37.000000 0.000000 0.000000 0.000000
42.000000 0.000000 0.000000 0.049998 1.000000
126.000000 141.000000 0.000000 0.000243 0.000000
110.000000 0.000000 0.000000 0.050059 1.000000
24.000000 157.000000 0.000000 0.000246 0.000000
39.000000 115.000000 0.000000 0.028062 1.000000
74.000000 134.000000 0.000000 0.002778 0.000000
81.000000 131.000000 0.000000 0.057475 1.000000
52.000000 113.000000 0.000000 0.003944 0.000000
56.000000 136.000000 0.000000 0.006352 0.000000
47.000000 134.000000 0.000000 0.033692 1.000000
56.000000 162.000000 0.000000 0.009515 0.000000
52.000000 158.000000 0.000000 0.149533 1.000000
79.000000 157.000000 0.000000 0.018934 0.000000
84.000000 158.000000 0.000000 0.201502 1.000000
57.000000 113.000000 0.000000 0.048050 0.000000
56.000000 113.000000 0.000000 0.089788 1.000000
67.000000 121.000000 0.000000 0.070285 0.000000
70.000000 120.000000 0.000000 0.104268 1.000000
61.000000 119.000000 0.000000 0.422980 2.000000
