60.000000 138.000000 0.000000 0.380128 2.000000
57.000000 154.000000 0.000000 0.765476 3.000000
64.000000 115.000000 0.000000 0.516321 2.000000
61.000000 126.000000 0.000000 0.688818 3.000000
62.000000 108.000000 0.000000 0.568200 2.000000
63.000000 109.000000 0.000000 0.602596 3.000000
62.000000 106.000000 0.000000 0.597475 3.000000
64.000000 110.000000 0.000000 0.551163 2.000000
64.000000 111.000000 0.000000 0.576442 3.000000
62.000000 100.000000 0.000000 0.535588 2.000000
62.000000 91.000000 0.000000 0.572810 3.000000
61.000000 53.000000 0.000000 0.181442 2.000000
58.000000 51.000000 0.000000 0.340608 3.000000
64.000000 54.000000 0.000000 0.203615 2.000000
67.000000 51.000000 0.000000 0.338207 3.000000
63.000000 37.000000 0.000000 0.000000 0.000000
91.000000 0.000000 0.000000 0.050032 1.000000
3.000000 148.000000 0.000000 0.000074 0.000000
19.000000 0.000000 0.000000 0.050051 1.000000
98.000000 152.000000 0.000000 0.000352 0.000000
82.000000 127.000000 0.000000 0.027726 1.000000
73.000000 127.000000 0.000000 0.003248 0.000000
70.000000 110.000000 0.000000 0.003995 0.000000
80.000000 110.000000 0.000000 0.031986 1.000000
69.000000 156.000000 0.000000 0.007680 0.000000
73.000000 154.000000 0.000000 0.160569 1.000000
55.000000 127.000000 0.000000 0.010327 0.000000
48.000000 126.000000 0.000000 0.071704 1.000000
47.000000 151.000000 0.000000 0.014010 0.000000
43.000000 149.000000 0.000000 0.192159 1.000000
68.000000 127.000000 0.000000 0.042631 0.000000
69.000000 126.000000 0.000000 0.070383 1.000000
