64.000000 123.000000 0.000000 0.308417 2.000000
66.000000 140.000000 0.000000 0.776720 3.000000
63.000000 111.000000 0.000000 0.646702 3.000000
64.000000 54.000000 0.000000 0.205267 2.000000
67.000000 51.000000 0.000000 0.337445 3.000000
61.000000 53.000000 0.000000 0.178004 2.000000
58.000000 51.000000 0.000000 0.336120 3.000000
63.000000 37.000000 0.000000 0.000000 0.000000
41.000000 0.000000 0.000000 0.050051 1.000000
106.000000 136.000000 0.000000 0.000632 0.000000
113.000000 0.000000 0.000000 0.050058 1.000000
29.000000 139.000000 0.000000 0.001047 0.000000
43.000000 117.000000 0.000000 0.031599 1.000000
51.000000 117.000000 0.000000 0.004350 0.000000
57.000000 116.000000 0.000000 0.011415 0.000000
54.000000 116.000000 0.000000 0.064779 1.000000
55.000000 143.000000 0.000000 0.015120 0.000000
51.000000 141.000000 0.000000 0.162216 1.000000
69.000000 113.000000 0.000000 0.015188 0.000000
76.000000 110.000000 0.000000 0.061895 1.000000
75.000000 138.000000 0.000000 0.034093 0.000000
79.000000 139.000000 0.000000 0.170064 1.000000
