60.000000 117.000000 0.000000 0.324387 2.000000
65.000000 134.000000 0.000000 0.794148 3.000000
63.000000 104.000000 0.000000 0.602514 3.000000
64.000000 54.000000 0.000000 0.205179 2.000000
67.000000 51.000000 0.000000 0.337332 3.000000
61.000000 53.000000 0.000000 0.177969 2.000000
58.000000 51.000000 0.000000 0.335896 3.000000
63.000000 37.000000 0.000000 0.000000 0.000000
30.000000 0.000000 0.000000 0.050025 1.000000
102.000000 130.000000 0.000000 0.000756 0.000000
94.000000 0.000000 0.000000 0.050050 1.000000
32.000000 133.000000 0.000000 0.001185 0.000000
48.000000 111.000000 0.000000 0.042395 1.000000
69.000000 107.000000 0.000000 0.010948 0.000000
75.000000 104.000000 0.000000 0.059239 1.000000
55.000000 113.000000 0.000000 0.012186 0.000000
55.000000 135.000000 0.000000 0.014545 0.000000
52.000000 134.000000 0.000000 0.149028 1.000000
75.000000 133.000000 0.000000 0.029385 0.000000
78.000000 133.000000 0.000000 0.166930 1.000000
