60.000000 152.000000 0.000000 0.517407 2.000000
56.000000 163.000000 0.000000 0.748074 3.000000
62.000000 140.000000 0.000000 0.622806 3.000000
63.000000 115.000000 0.000000 0.557408 2.000000
63.000000 116.000000 0.000000 0.604394 3.000000
61.000000 113.000000 0.000000 0.559744 2.000000
62.000000 115.000000 0.000000 0.592422 3.000000
61.000000 104.000000 0.000000 0.592202 3.000000
61.000000 53.000000 0.000000 0.181526 2.000000
58.000000 51.000000 0.000000 0.340944 3.000000
64.000000 54.000000 0.000000 0.203478 2.000000
67.000000 51.000000 0.000000 0.337641 3.000000
63.000000 37.000000 0.000000 0.000000 0.000000
79.000000 0.000000 0.000000 0.049983 1.000000
99.000000 161.000000 0.000000 0.000108 0.000000
78.000000 136.000000 0.000000 0.029041 1.000000
0.000000 139.000000 0.000000 0.001219 0.000000
46.000000 0.000000 0.000000 0.050065 1.000000
71.000000 137.000000 0.000000 0.004524 0.000000
57.000000 126.000000 0.000000 0.008188 0.000000
50.000000 124.000000 0.000000 0.071158 1.000000
69.000000 116.000000 0.000000 0.022382 0.000000
71.000000 117.000000 0.000000 0.122873 1.000000
67.000000 166.000000 0.000000 0.027931 0.000000
72.000000 162.000000 0.000000 0.154710 1.000000
44.000000 160.000000 0.000000 0.032347 0.000000
39.000000 161.000000 0.000000 0.215153 1.000000
56.000000 142.000000 0.000000 0.094345 0.000000
53.000000 139.000000 0.000000 0.138722 1.000000
66.000000 124.000000 0.000000 0.330886 2.000000
