59.000000 117.000000 0.000000 0.368774 2.000000
65.000000 133.000000 0.000000 0.787392 3.000000
63.000000 104.000000 0.000000 0.615030 3.000000
64.000000 54.000000 0.000000 0.205226 2.000000
67.000000 51.000000 0.000000 0.337285 3.000000
61.000000 53.000000 0.000000 0.177963 2.000000
58.000000 51.000000 0.000000 0.336185 3.000000
63.000000 37.000000 0.000000 0.000000 0.000000
43.000000 0.000000 0.000000 0.050051 1.000000
101.000000 130.000000 0.000000 0.000393 0.000000
81.000000 0.000000 0.000000 0.050052 1.000000
31.000000 133.000000 0.000000 0.000728 0.000000
47.000000 111.000000 0.000000 0.041551 1.000000
54.000000 112.000000 0.000000 0.010129 0.000000
68.000000 106.000000 0.000000 0.016638 0.000000
73.000000 103.000000 0.000000 0.063136 1.000000
55.000000 135.000000 0.000000 0.030949 0.000000
51.000000 133.000000 0.000000 0.155981 1.000000
74.000000 131.000000 0.000000 0.032671 0.000000
78.000000 130.000000 0.000000 0.162635 1.000000
