66.000000 148.000000 0.000000 0.438634 2.000000
68.000000 165.000000 0.000000 0.771177 3.000000
64.000000 138.000000 0.000000 0.729327 3.000000
62.000000 114.000000 0.000000 0.440734 2.000000
63.000000 102.000000 0.000000 0.599810 3.000000
60.000000 116.000000 0.000000 0.498759 3.000000
64.000000 54.000000 0.000000 0.203970 2.000000
67.000000 51.000000 0.000000 0.340769 3.000000
61.000000 53.000000 0.000000 0.180695 2.000000
58.000000 51.000000 0.000000 0.337399 3.000000
63.000000 37.000000 0.000000 0.000000 0.000000
33.000000 0.000000 0.000000 0.049995 1.000000
24.000000 162.000000 0.000000 0.000253 0.000000
48.000000 139.000000 0.000000 0.037699 1.000000
126.000000 174.000000 0.000000 0.000544 0.000000
84.000000 101.000000 0.000000 0.040303 1.000000
72.000000 106.000000 0.000000 0.003004 0.000000
57.000000 167.000000 0.000000 0.006061 0.000000
53.000000 162.000000 0.000000 0.158195 1.000000
56.000000 140.000000 0.000000 0.008274 0.000000
71.000000 138.000000 0.000000 0.009139 0.000000
80.000000 136.000000 0.000000 0.069273 1.000000
69.000000 106.000000 0.000000 0.016811 0.000000
70.000000 106.000000 0.000000 0.050573 1.000000
80.000000 162.000000 0.000000 0.017659 0.000000
85.000000 161.000000 0.000000 0.208276 1.000000
67.000000 124.000000 0.000000 0.045801 0.000000
71.000000 124.000000 0.000000 0.090017 1.000000
57.000000 114.000000 0.000000 0.050999 0.000000
56.000000 114.000000 0.000000 0.083210 1.000000
56.000000 115.000000 0.000000 0.054682 0.000000
58.000000 122.000000 0.000000 0.349167 2.000000
127.000000 11.000000 0.000000 0.050054 1.000000
54.000000 116.000000 0.000000 0.114680 1.000000
