66.000000 127.000000 0.000000 0.362322 2.000000
66.000000 144.000000 0.000000 0.772646 3.000000
62.000000 114.000000 0.000000 0.571038 2.000000
64.000000 117.000000 0.000000 0.635720 3.000000
62.000000 110.000000 0.000000 0.609264 3.000000
63.000000 101.000000 0.000000 0.556639 2.000000
63.000000 97.000000 0.000000 0.588058 3.000000
64.000000 54.000000 0.000000 0.205130 2.000000
67.000000 51.000000 0.000000 0.337502 3.000000
61.000000 53.000000 0.000000 0.178067 2.000000
58.000000 51.000000 0.000000 0.336016 3.000000
63.000000 37.000000 0.000000 0.000000 0.000000
38.000000 0.000000 0.000000 0.050003 1.000000
28.000000 142.000000 0.000000 0.000437 0.000000
46.000000 120.000000 0.000000 0.036489 1.000000
108.000000 139.000000 0.000000 0.000443 0.000000
82.000000 0.000000 0.000000 0.050073 1.000000
53.000000 122.000000 0.000000 0.009497 0.000000
55.000000 146.000000 0.000000 0.012062 0.000000
51.000000 143.000000 0.000000 0.157977 1.000000
73.000000 118.000000 0.000000 0.014053 0.000000
80.000000 116.000000 0.000000 0.053383 1.000000
76.000000 142.000000 0.000000 0.020134 0.000000
80.000000 142.000000 0.000000 0.173352 1.000000
