65.000000 117.000000 0.000000 0.364263 2.000000
60.000000 133.000000 0.000000 0.787879 3.000000
62.000000 104.000000 0.000000 0.610740 3.000000
61.000000 53.000000 0.000000 0.178514 2.000000
58.000000 51.000000 0.000000 0.337405 3.000000
64.000000 54.000000 0.000000 0.204618 2.000000
67.000000 51.000000 0.000000 0.335963 3.000000
63.000000 37.000000 0.000000 0.000000 0.000000
83.000000 0.000000 0.000000 0.050007 1.000000
94.000000 133.000000 0.000000 0.000473 0.000000
78.000000 110.000000 0.000000 0.040937 1.000000
71.000000 112.000000 0.000000 0.000500 0.000000
24.000000 130.000000 0.000000 0.000882 0.000000
39.000000 0.000000 0.000000 0.050047 1.000000
57.000000 105.000000 0.000000 0.022064 0.000000
52.000000 102.000000 0.000000 0.061538 1.000000
70.000000 135.000000 0.000000 0.023055 0.000000
73.000000 133.000000 0.000000 0.155429 1.000000
68.000000 111.000000 0.000000 0.030124 0.000000
69.000000 111.000000 0.000000 0.065354 1.000000
50.000000 132.000000 0.000000 0.032931 0.000000
47.000000 129.000000 0.000000 0.162268 1.000000
