60.000000 114.000000 0.000000 0.420782 2.000000
65.000000 130.000000 0.000000 0.788250 3.000000
63.000000 102.000000 0.000000 0.604229 3.000000
64.000000 54.000000 0.000000 0.205168 2.000000
67.000000 51.000000 0.000000 0.337106 3.000000
61.000000 53.000000 0.000000 0.177848 2.000000
58.000000 51.000000 0.000000 0.335918 3.000000
63.000000 37.000000 0.000000 0.000000 0.000000
35.000000 0.000000 0.000000 0.050036 1.000000
32.000000 129.000000 0.000000 0.000437 0.000000
100.000000 127.000000 0.000000 0.001415 0.000000
107.000000 0.000000 0.000000 0.050049 1.000000
57.000000 110.000000 0.000000 0.011750 0.000000
51.000000 109.000000 0.000000 0.050710 1.000000
74.000000 129.000000 0.000000 0.016354 0.000000
78.000000 128.000000 0.000000 0.160185 1.000000
55.000000 132.000000 0.000000 0.022615 0.000000
52.000000 130.000000 0.000000 0.146280 1.000000
68.000000 103.000000 0.000000 0.031264 0.000000
72.000000 100.000000 0.000000 0.064263 1.000000
