65.000000 115.000000 0.000000 0.453429 2.000000
60.000000 130.000000 0.000000 0.777598 3.000000
62.000000 102.000000 0.000000 0.605073 3.000000
61.000000 53.000000 0.000000 0.178148 2.000000
58.000000 51.000000 0.000000 0.337114 3.000000
64.000000 54.000000 0.000000 0.204378 2.000000
67.000000 51.000000 0.000000 0.336225 3.000000
63.000000 37.000000 0.000000 0.000000 0.000000
80.000000 0.000000 0.000000 0.050026 1.000000
94.000000 129.000000 0.000000 0.000754 0.000000
27.000000 126.000000 0.000000 0.001325 0.000000
49.000000 0.000000 0.000000 0.050077 1.000000
68.000000 110.000000 0.000000 0.002747 0.000000
74.000000 108.000000 0.000000 0.055314 1.000000
71.000000 131.000000 0.000000 0.014023 0.000000
74.000000 131.000000 0.000000 0.158540 1.000000
51.000000 127.000000 0.000000 0.028660 0.000000
48.000000 126.000000 0.000000 0.154536 1.000000
58.000000 103.000000 0.000000 0.035568 0.000000
54.000000 100.000000 0.000000 0.065364 1.000000
