66.000000 148.000000 0.000000 0.473643 2.000000
67.000000 164.000000 0.000000 0.753667 3.000000
65.000000 137.000000 0.000000 0.739926 3.000000
64.000000 102.000000 0.000000 0.561085 2.000000
64.000000 105.000000 0.000000 0.602770 3.000000
60.000000 116.000000 0.000000 0.555290 2.000000
61.000000 116.000000 0.000000 0.592910 3.000000
63.000000 100.000000 0.000000 0.589444 3.000000
60.000000 117.000000 0.000000 0.586236 3.000000
64.000000 54.000000 0.000000 0.204067 2.000000
67.000000 51.000000 0.000000 0.340963 3.000000
61.000000 53.000000 0.000000 0.181308 2.000000
58.000000 51.000000 0.000000 0.337542 3.000000
63.000000 37.000000 0.000000 0.000000 0.000000
42.000000 0.000000 0.000000 0.050002 1.000000
23.000000 160.000000 0.000000 0.000256 0.000000
36.000000 118.000000 0.000000 0.025291 1.000000
126.000000 140.000000 0.000000 0.000425 0.000000
77.000000 99.000000 0.000000 0.043456 1.000000
49.000000 116.000000 0.000000 0.001130 0.000000
57.000000 140.000000 0.000000 0.003495 0.000000
49.000000 139.000000 0.000000 0.040807 1.000000
72.000000 137.000000 0.000000 0.007946 0.000000
80.000000 134.000000 0.000000 0.065082 1.000000
69.000000 105.000000 0.000000 0.010383 0.000000
56.000000 165.000000 0.000000 0.013575 0.000000
52.000000 162.000000 0.000000 0.149530 1.000000
79.000000 160.000000 0.000000 0.026515 0.000000
85.000000 161.000000 0.000000 0.205208 1.000000
57.000000 115.000000 0.000000 0.051828 0.000000
55.000000 116.000000 0.000000 0.112053 1.000000
67.000000 124.000000 0.000000 0.061769 0.000000
71.000000 124.000000 0.000000 0.091020 1.000000
60.000000 122.000000 0.000000 0.375771 2.000000
64.000000 112.000000 0.000000 0.541487 2.000000
76.000000 0.000000 0.000000 0.050056 1.000000
