65.000000 135.000000 0.000000 0.327258 2.000000
67.000000 153.000000 0.000000 0.756442 3.000000
61.000000 113.000000 0.000000 0.574476 2.000000
63.000000 109.000000 0.000000 0.622845 3.000000
60.000000 118.000000 0.000000 0.509883 2.000000
63.000000 124.000000 0.000000 0.622078 3.000000
61.000000 114.000000 0.000000 0.600327 3.000000
63.000000 100.000000 0.000000 0.553177 2.000000
63.000000 94.000000 0.000000 0.578213 3.000000
64.000000 54.000000 0.000000 0.203746 2.000000
67.000000 51.000000 0.000000 0.340075 3.000000
61.000000 53.000000 0.000000 0.182486 2.000000
58.000000 51.000000 0.000000 0.338552 3.000000
63.000000 37.000000 0.000000 0.000000 0.000000
44.000000 0.000000 0.000000 0.050030 1.000000
121.000000 147.000000 0.000000 0.000072 0.000000
110.000000 0.000000 0.000000 0.050048 1.000000
27.000000 151.000000 0.000000 0.000332 0.000000
73.000000 125.000000 0.000000 0.006487 0.000000
71.000000 125.000000 0.000000 0.058388 1.000000
78.000000 150.000000 0.000000 0.012389 0.000000
82.000000 150.000000 0.000000 0.193134 1.000000
56.000000 156.000000 0.000000 0.012640 0.000000
52.000000 153.000000 0.000000 0.158218 1.000000
56.000000 126.000000 0.000000 0.020724 0.000000
55.000000 125.000000 0.000000 0.071824 1.000000
70.000000 124.000000 0.000000 0.032038 0.000000
80.000000 124.000000 0.000000 0.058402 1.000000
