61.000000 115.000000 0.000000 0.410113 2.000000
64.000000 129.000000 0.000000 0.786190 3.000000
63.000000 101.000000 0.000000 0.543686 2.000000
63.000000 103.000000 0.000000 0.584836 3.000000
62.000000 98.000000 0.000000 0.571660 3.000000
64.000000 54.000000 0.000000 0.205455 2.000000
67.000000 51.000000 0.000000 0.337215 3.000000
61.000000 53.000000 0.000000 0.177944 2.000000
58.000000 51.000000 0.000000 0.336055 3.000000
63.000000 37.000000 0.000000 0.000000 0.000000
24.000000 0.000000 0.000000 0.050050 1.000000
31.000000 129.000000 0.000000 0.000595 0.000000
99.000000 127.000000 0.000000 0.001657 0.000000
90.000000 0.000000 0.000000 0.050055 1.000000
68.000000 104.000000 0.000000 0.014062 0.000000
74.000000 102.000000 0.000000 0.062191 1.000000
57.000000 111.000000 0.000000 0.015991 0.000000
52.000000 110.000000 0.000000 0.060922 1.000000
74.000000 129.000000 0.000000 0.022711 0.000000
77.000000 129.000000 0.000000 0.159324 1.000000
54.000000 132.000000 0.000000 0.023405 0.000000
51.000000 130.000000 0.000000 0.154493 1.000000
