65.000000 148.000000 0.000000 0.404131 2.000000
68.000000 163.000000 0.000000 0.750334 3.000000
63.000000 137.000000 0.000000 0.690608 3.000000
63.000000 113.000000 0.000000 0.481157 2.000000
64.000000 106.000000 0.000000 0.618134 3.000000
60.000000 116.000000 0.000000 0.535734 3.000000
58.000000 122.000000 0.000000 0.342520 2.000000
61.000000 124.000000 0.000000 0.376055 3.000000
64.000000 54.000000 0.000000 0.203907 2.000000
67.000000 51.000000 0.000000 0.340668 3.000000
61.000000 53.000000 0.000000 0.181554 2.000000
58.000000 51.000000 0.000000 0.338039 3.000000
63.000000 37.000000 0.000000 0.000000 0.000000
38.000000 0.000000 0.000000 0.049994 1.000000
126.000000 141.000000 0.000000 0.000615 0.000000
80.000000 100.000000 0.000000 0.041051 1.000000
24.000000 161.000000 0.000000 0.000616 0.000000
55.000000 135.000000 0.000000 0.045726 1.000000
56.000000 134.000000 0.000000 0.007289 0.000000
80.000000 160.000000 0.000000 0.010173 0.000000
85.000000 163.000000 0.000000 0.211587 1.000000
70.000000 106.000000 0.000000 0.011256 0.000000
69.000000 138.000000 0.000000 0.020737 0.000000
76.000000 136.000000 0.000000 0.080164 1.000000
57.000000 166.000000 0.000000 0.027155 0.000000
52.000000 162.000000 0.000000 0.164788 1.000000
56.000000 114.000000 0.000000 0.028659 0.000000
54.000000 115.000000 0.000000 0.117181 1.000000
67.000000 123.000000 0.000000 0.030722 0.000000
72.000000 123.000000 0.000000 0.079700 1.000000
62.000000 126.000000 0.000000 0.342184 2.000000
100.000000 0.000000 0.000000 0.050053 1.000000
