64.000000 124.000000 0.000000 0.345110 2.000000
65.000000 140.000000 0.000000 0.781085 3.000000
64.000000 114.000000 0.000000 0.623030 3.000000
64.000000 54.000000 0.000000 0.205184 2.000000
67.000000 51.000000 0.000000 0.337428 3.000000
61.000000 53.000000 0.000000 0.177895 2.000000
58.000000 51.000000 0.000000 0.336132 3.000000
63.000000 37.000000 0.000000 0.000000 0.000000
43.000000 0.000000 0.000000 0.050033 1.000000
105.000000 136.000000 0.000000 0.000344 0.000000
73.000000 0.000000 0.000000 0.050087 1.000000
29.000000 139.000000 0.000000 0.000749 0.000000
47.000000 118.000000 0.000000 0.040923 1.000000
75.000000 138.000000 0.000000 0.008332 0.000000
79.000000 137.000000 0.000000 0.169725 1.000000
54.000000 119.000000 0.000000 0.009630 0.000000
70.000000 114.000000 0.000000 0.015773 0.000000
76.000000 112.000000 0.000000 0.060568 1.000000
54.000000 142.000000 0.000000 0.035100 0.000000
51.000000 140.000000 0.000000 0.160441 1.000000
