66.000000 147.000000 0.000000 0.464750 2.000000
68.000000 160.000000 0.000000 0.758126 3.000000
63.000000 135.000000 0.000000 0.692271 3.000000
64.000000 126.000000 0.000000 0.431641 2.000000
63.000000 112.000000 0.000000 0.615411 3.000000
64.000000 54.000000 0.000000 0.204000 2.000000
67.000000 51.000000 0.000000 0.340675 3.000000
61.000000 53.000000 0.000000 0.181807 2.000000
58.000000 51.000000 0.000000 0.337727 3.000000
63.000000 37.000000 0.000000 0.000000 0.000000
42.000000 0.000000 0.000000 0.049998 1.000000
126.000000 139.000000 0.000000 0.000402 0.000000
109.000000 0.000000 0.000000 0.050042 1.000000
25.000000 157.000000 0.000000 0.000685 0.000000
40.000000 117.000000 0.000000 0.026349 1.000000
52.000000 115.000000 0.000000 0.001672 0.000000
57.000000 163.000000 0.000000 0.017593 0.000000
53.000000 160.000000 0.000000 0.154985 1.000000
70.000000 137.000000 0.000000 0.029376 0.000000
75.000000 135.000000 0.000000 0.096832 1.000000
79.000000 156.000000 0.000000 0.029774 0.000000
84.000000 160.000000 0.000000 0.210821 1.000000
57.000000 114.000000 0.000000 0.030950 0.000000
56.000000 114.000000 0.000000 0.090617 1.000000
67.000000 122.000000 0.000000 0.035172 0.000000
72.000000 121.000000 0.000000 0.080527 1.000000
