66.000000 142.000000 0.000000 0.379564 2.000000
68.000000 158.000000 0.000000 0.777788 3.000000
61.000000 116.000000 0.000000 0.471206 2.000000
63.000000 130.000000 0.000000 0.680127 3.000000
64.000000 98.000000 0.000000 0.547722 2.000000
63.000000 96.000000 0.000000 0.587122 3.000000
64.000000 100.000000 0.000000 0.585309 3.000000
63.000000 107.000000 0.000000 0.525261 2.000000
62.000000 110.000000 0.000000 0.580443 3.000000
64.000000 54.000000 0.000000 0.205127 2.000000
67.000000 51.000000 0.000000 0.338399 3.000000
61.000000 53.000000 0.000000 0.178307 2.000000
58.000000 51.000000 0.000000 0.335629 3.000000
63.000000 37.000000 0.000000 0.000000 0.000000
40.000000 0.000000 0.000000 0.050009 1.000000
26.000000 156.000000 0.000000 0.000019 0.000000
40.000000 112.000000 0.000000 0.028836 1.000000
126.000000 160.000000 0.000000 0.000168 0.000000
79.000000 94.000000 0.000000 0.042566 1.000000
53.000000 111.000000 0.000000 0.001689 0.000000
55.000000 131.000000 0.000000 0.004753 0.000000
45.000000 130.000000 0.000000 0.029824 1.000000
74.000000 131.000000 0.000000 0.005716 0.000000
82.000000 129.000000 0.000000 0.056226 1.000000
69.000000 100.000000 0.000000 0.009112 0.000000
58.000000 110.000000 0.000000 0.015827 0.000000
57.000000 111.000000 0.000000 0.062680 1.000000
56.000000 160.000000 0.000000 0.019480 0.000000
52.000000 157.000000 0.000000 0.160416 1.000000
79.000000 156.000000 0.000000 0.030064 0.000000
83.000000 155.000000 0.000000 0.196780 1.000000
66.000000 118.000000 0.000000 0.069898 0.000000
69.000000 117.000000 0.000000 0.105391 1.000000
89.000000 0.000000 0.000000 0.050043 1.000000
